signal_date,available_date,LightGBM
2022-12-30,2023-01-03,0.042995910062233036
2023-01-03,2023-01-04,0.03781290562777206
2023-01-04,2023-01-05,0.033381692153751884
2023-01-05,2023-01-06,-0.010222109901375025
2023-01-06,2023-01-09,-0.029253392873675045
2023-01-09,2023-01-10,-0.024453147749945663
2023-01-10,2023-01-11,-0.028536517604327006
2023-01-11,2023-01-12,-0.028536517604327006
2023-01-12,2023-01-13,-0.028536517604327006
2023-01-13,2023-01-16,-0.028536517604327006
2023-01-16,2023-01-17,-0.02793534304370878
2023-01-17,2023-01-18,-0.03586542946073108
2023-01-18,2023-01-19,-0.03586542946073108
2023-01-19,2023-01-20,-0.034010425817779404
2023-01-20,2023-01-30,-0.03976539621376809
2023-01-30,2023-01-31,-0.034010425817779404
2023-01-31,2023-02-01,-0.020877331959570415
2023-02-01,2023-02-02,-0.01449579611335921
2023-02-02,2023-02-03,-0.010357615344873696
2023-02-03,2023-02-06,-0.010357615344873696
2023-02-06,2023-02-07,-0.010357615344873696
2023-02-07,2023-02-08,-0.0037035893346702917
2023-02-08,2023-02-09,-0.02502533314325671
2023-02-09,2023-02-10,-0.01794446017153584
2023-02-10,2023-02-13,-0.01794446017153584
2023-02-13,2023-02-14,-0.01794446017153584
2023-02-14,2023-02-15,0.007632458105733461
2023-02-15,2023-02-16,0.01562164767890406
2023-02-16,2023-02-17,0.023992909052114125
2023-02-17,2023-02-20,0.03878398830293606
2023-02-20,2023-02-21,0.029717316385817573
2023-02-21,2023-02-22,0.029717316385817573
2023-02-22,2023-02-23,0.029717316385817573
2023-02-23,2023-02-24,0.029717316385817573
2023-02-24,2023-02-27,0.0192620415863522
2023-02-27,2023-02-28,0.0192620415863522
2023-02-28,2023-03-01,0.0192620415863522
2023-03-01,2023-03-02,0.015336336893799296
2023-03-02,2023-03-03,0.015336336893799296
2023-03-03,2023-03-06,-0.0029363966926657962
2023-03-06,2023-03-07,0.0027065737382665706
2023-03-07,2023-03-08,0.018722942973529777
2023-03-08,2023-03-09,0.018722942973529777
2023-03-09,2023-03-10,0.02935815578596042
2023-03-10,2023-03-13,0.02935815578596042
2023-03-13,2023-03-14,0.023629157090188826
2023-03-14,2023-03-15,0.018722942973529777
2023-03-15,2023-03-16,0.018722942973529777
2023-03-16,2023-03-17,0.018722942973529777
2023-03-17,2023-03-20,0.023629157090188826
2023-03-20,2023-03-21,-0.0037899012472622875
2023-03-21,2023-03-22,0.0096073381980277
2023-03-22,2023-03-23,0.01957389630132255
2023-03-23,2023-03-24,0.030175342523877963
2023-03-24,2023-03-27,0.008543480451212997
2023-03-27,2023-03-28,0.030175342523877963
2023-03-28,2023-03-29,0.05194066575555486
2023-03-29,2023-03-30,0.05194066575555486
2023-03-30,2023-03-31,0.04703445163889581
2023-03-31,2023-04-03,0.03962954865423839
2023-04-03,2023-04-04,0.0046970535300521
2023-04-04,2023-04-06,0.0046970535300521
2023-04-06,2023-04-07,0.0046970535300521
2023-04-07,2023-04-10,0.0046970535300521
2023-04-10,2023-04-11,0.014149992260958302
2023-04-11,2023-04-12,0.014149992260958302
2023-04-12,2023-04-13,0.02049269814698479
2023-04-13,2023-04-14,-0.029765263966049255
2023-04-14,2023-04-17,-0.014089106283497316
2023-04-17,2023-04-18,-0.014089106283497316
2023-04-18,2023-04-19,0.0012733321748497272
2023-04-19,2023-04-20,-0.01326560337726183
2023-04-20,2023-04-21,-0.008418577273729662
2023-04-21,2023-04-24,-0.009394280467565118
2023-04-24,2023-04-25,0.008591741254711667
2023-04-25,2023-04-26,0.008591741254711667
2023-04-26,2023-04-27,-0.008418577273729662
2023-04-27,2023-04-28,0.008591741254711667
2023-04-28,2023-05-04,0.0031848225911079798
2023-05-04,2023-05-05,0.008252067307658827
2023-05-05,2023-05-08,-0.0033922865855516527
2023-05-08,2023-05-09,0.002067343478899273
2023-05-09,2023-05-10,-0.0066044570606420185
2023-05-10,2023-05-11,-0.009288001381457522
2023-05-11,2023-05-12,0.001495597875991522
2023-05-12,2023-05-15,-0.009288001381457522
2023-05-15,2023-05-16,-0.005540447524417463
2023-05-16,2023-05-17,0.007680321704751077
2023-05-17,2023-05-18,0.001495597875991522
2023-05-18,2023-05-19,0.01583406454836936
2023-05-19,2023-05-22,0.007680321704751077
2023-05-22,2023-05-23,0.001495597875991522
2023-05-23,2023-05-24,0.007680321704751077
2023-05-24,2023-05-25,0.007680321704751077
2023-05-25,2023-05-26,-0.009288001381457522
2023-05-26,2023-05-29,0.007680321704751077
2023-05-29,2023-05-30,-0.005540447524417463
2023-05-30,2023-05-31,-0.01264494785982849
2023-05-31,2023-06-01,-0.003964032188459404
2023-06-01,2023-06-02,-0.030182497497182
2023-06-02,2023-06-05,-0.030182497497182
2023-06-05,2023-06-06,-0.030182497497182
2023-06-06,2023-06-07,-0.030182497497182
2023-06-07,2023-06-08,-0.030182497497182
2023-06-08,2023-06-09,-0.030182497497182
2023-06-09,2023-06-12,-0.03317562850483883
2023-06-12,2023-06-13,-0.030182497497182
2023-06-13,2023-06-14,-0.02286341125985987
2023-06-14,2023-06-15,-0.010598445946528808
2023-06-15,2023-06-16,-0.005269291831240171
2023-06-16,2023-06-19,-0.010598445946528808
2023-06-19,2023-06-20,-0.02973704466955892
2023-06-20,2023-06-21,-0.03705613090688104
2023-06-21,2023-06-26,-0.03982258677524267
2023-06-26,2023-06-27,-0.06109951143970868
2023-06-27,2023-06-28,-0.018592774694335273
2023-06-28,2023-06-29,-0.03850080495359767
2023-06-29,2023-06-30,-0.017801186265517747
2023-06-30,2023-07-03,0.01296580557333684
2023-07-03,2023-07-04,0.00384545761823848
2023-07-04,2023-07-05,0.019994325244292427
2023-07-05,2023-07-06,0.012292795579085022
2023-07-06,2023-07-07,0.012292795579085022
2023-07-07,2023-07-10,0.005828120014752495
2023-07-10,2023-07-11,-0.012807319146575274
2023-07-11,2023-07-12,0.005892768251035619
2023-07-12,2023-07-13,0.005892768251035619
2023-07-13,2023-07-14,0.005892768251035619
2023-07-14,2023-07-17,0.019994325244292427
2023-07-17,2023-07-18,0.019994325244292427
2023-07-18,2023-07-19,0.019994325244292427
2023-07-19,2023-07-20,0.019994325244292427
2023-07-20,2023-07-21,0.019994325244292427
2023-07-21,2023-07-24,0.019994325244292427
2023-07-24,2023-07-25,0.019994325244292427
2023-07-25,2023-07-26,0.019994325244292427
2023-07-26,2023-07-27,0.019994325244292427
2023-07-27,2023-07-28,0.005892768251035619
2023-07-28,2023-07-31,0.019994325244292427
2023-07-31,2023-08-01,0.011546987283445888
2023-08-01,2023-08-02,0.014008158381811575
2023-08-02,2023-08-03,0.006150400829668213
2023-08-03,2023-08-04,0.006150400829668213
2023-08-04,2023-08-07,0.006150400829668213
2023-08-07,2023-08-08,0.020256159943346994
2023-08-08,2023-08-09,0.020256159943346994
2023-08-09,2023-08-10,0.025655024109209116
2023-08-10,2023-08-11,0.03152845274020311
2023-08-11,2023-08-14,0.03152845274020311
2023-08-14,2023-08-15,0.03152845274020311
2023-08-15,2023-08-16,0.03152845274020311
2023-08-16,2023-08-17,0.03152845274020311
2023-08-17,2023-08-18,0.03152845274020311
2023-08-18,2023-08-21,0.03152845274020311
2023-08-21,2023-08-22,0.03152845274020311
2023-08-22,2023-08-23,0.03152845274020311
2023-08-23,2023-08-24,0.03152845274020311
2023-08-24,2023-08-25,0.03152845274020311
2023-08-25,2023-08-28,0.03152845274020311
2023-08-28,2023-08-29,0.03152845274020311
2023-08-29,2023-08-30,0.03152845274020311
2023-08-30,2023-08-31,0.03152845274020311
2023-08-31,2023-09-01,0.03152845274020311
2023-09-01,2023-09-04,0.01471687467319642
2023-09-04,2023-09-05,0.01471687467319642
2023-09-05,2023-09-06,0.01471687467319642
2023-09-06,2023-09-07,0.01471687467319642
2023-09-07,2023-09-08,0.01471687467319642
2023-09-08,2023-09-11,0.01471687467319642
2023-09-11,2023-09-12,0.01471687467319642
2023-09-12,2023-09-13,0.01471687467319642
2023-09-13,2023-09-14,0.01471687467319642
2023-09-14,2023-09-15,0.01471687467319642
2023-09-15,2023-09-18,0.01471687467319642
2023-09-18,2023-09-19,0.01471687467319642
2023-09-19,2023-09-20,0.01471687467319642
2023-09-20,2023-09-21,0.01471687467319642
2023-09-21,2023-09-22,0.01471687467319642
2023-09-22,2023-09-25,0.01471687467319642
2023-09-25,2023-09-26,0.01471687467319642
2023-09-26,2023-09-27,0.01471687467319642
2023-09-27,2023-09-28,0.01471687467319642
2023-09-28,2023-10-09,0.01471687467319642
2023-10-09,2023-10-10,0.01474925503149386
2023-10-10,2023-10-11,0.0038415797137533072
2023-10-11,2023-10-12,0.01474925503149386
2023-10-12,2023-10-13,0.0038415797137533072
2023-10-13,2023-10-16,0.0038415797137533072
2023-10-16,2023-10-17,0.01474925503149386
2023-10-17,2023-10-18,0.01474925503149386
2023-10-18,2023-10-19,0.01474925503149386
2023-10-19,2023-10-20,0.01474925503149386
2023-10-20,2023-10-23,0.01474925503149386
2023-10-23,2023-10-24,0.01474925503149386
2023-10-24,2023-10-25,0.01474925503149386
2023-10-25,2023-10-26,0.01474925503149386
2023-10-26,2023-10-27,0.01474925503149386
2023-10-27,2023-10-30,0.01474925503149386
2023-10-30,2023-10-31,0.01474925503149386
2023-10-31,2023-11-01,0.01474925503149386
2023-11-01,2023-11-02,0.014702189510490366
2023-11-02,2023-11-03,0.014702189510490366
2023-11-03,2023-11-06,0.014702189510490366
2023-11-06,2023-11-07,0.014702189510490366
2023-11-07,2023-11-08,0.014702189510490366
2023-11-08,2023-11-09,0.014702189510490366
2023-11-09,2023-11-10,0.014702189510490366
2023-11-10,2023-11-13,0.014702189510490366
2023-11-13,2023-11-14,0.014702189510490366
2023-11-14,2023-11-15,0.014702189510490366
2023-11-15,2023-11-16,0.014702189510490366
2023-11-16,2023-11-17,0.014702189510490366
2023-11-17,2023-11-20,0.014702189510490366
2023-11-20,2023-11-21,0.014702189510490366
2023-11-21,2023-11-22,0.014702189510490366
2023-11-22,2023-11-23,0.014702189510490366
2023-11-23,2023-11-24,0.014702189510490366
2023-11-24,2023-11-27,0.014702189510490366
2023-11-27,2023-11-28,0.014702189510490366
2023-11-28,2023-11-29,0.014702189510490366
2023-11-29,2023-11-30,0.014702189510490366
2023-11-30,2023-12-01,0.014702189510490366
2023-12-01,2023-12-04,0.04643810864048694
2023-12-04,2023-12-05,0.04264030457903855
2023-12-05,2023-12-06,0.04264030457903855
2023-12-06,2023-12-07,0.04643810864048694
2023-12-07,2023-12-08,0.04264030457903855
2023-12-08,2023-12-11,0.001090327380418067
2023-12-11,2023-12-12,0.04643810864048694
2023-12-12,2023-12-13,0.04643810864048694
2023-12-13,2023-12-14,0.04643810864048694
2023-12-14,2023-12-15,0.05395619594447785
2023-12-15,2023-12-18,0.04643810864048694
2023-12-18,2023-12-19,0.04264030457903855
2023-12-19,2023-12-20,0.04264030457903855
2023-12-20,2023-12-21,0.04264030457903855
2023-12-21,2023-12-22,0.05395619594447785
2023-12-22,2023-12-25,0.05395619594447785
2023-12-25,2023-12-26,0.05395619594447785
2023-12-26,2023-12-27,0.05395619594447785
2023-12-27,2023-12-28,0.05395619594447785
2023-12-28,2023-12-29,0.001090327380418067
2023-12-29,2024-01-02,0.001090327380418067
2024-01-02,2024-01-03,0.004750945293756785
2024-01-03,2024-01-04,0.004750945293756785
2024-01-04,2024-01-05,0.006831135645688143
2024-01-05,2024-01-08,0.006831135645688143
2024-01-08,2024-01-09,0.006831135645688143
2024-01-09,2024-01-10,0.006831135645688143
2024-01-10,2024-01-11,0.006831135645688143
2024-01-11,2024-01-12,0.006831135645688143
2024-01-12,2024-01-15,-0.00018108336117417592
2024-01-15,2024-01-16,0.006831135645688143
2024-01-16,2024-01-17,0.006831135645688143
2024-01-17,2024-01-18,0.006831135645688143
2024-01-18,2024-01-19,0.006831135645688143
2024-01-19,2024-01-22,0.006831135645688143
2024-01-22,2024-01-23,0.006831135645688143
2024-01-23,2024-01-24,0.01402458574023801
2024-01-24,2024-01-25,0.01402458574023801
2024-01-25,2024-01-26,0.01402458574023801
2024-01-26,2024-01-29,0.01402458574023801
2024-01-29,2024-01-30,0.01402458574023801
2024-01-30,2024-01-31,0.01402458574023801
2024-01-31,2024-02-01,0.01402458574023801
2024-02-01,2024-02-02,0.014004321143593946
2024-02-02,2024-02-05,0.014004321143593946
2024-02-05,2024-02-06,0.014004321143593946
2024-02-06,2024-02-07,0.014004321143593946
2024-02-07,2024-02-08,0.014004321143593946
2024-02-08,2024-02-19,0.014004321143593946
2024-02-19,2024-02-20,0.014004321143593946
2024-02-20,2024-02-21,0.014004321143593946
2024-02-21,2024-02-22,0.014004321143593946
2024-02-22,2024-02-23,0.014004321143593946
2024-02-23,2024-02-26,0.014004321143593946
2024-02-26,2024-02-27,0.014004321143593946
2024-02-27,2024-02-28,0.014004321143593946
2024-02-28,2024-02-29,0.014004321143593946
2024-02-29,2024-03-01,0.014004321143593946
2024-03-01,2024-03-04,0.02182399790639987
2024-03-04,2024-03-05,0.02182399790639987
2024-03-05,2024-03-06,0.02182399790639987
2024-03-06,2024-03-07,-0.018003111706720715
2024-03-07,2024-03-08,-0.00024926388522515143
2024-03-08,2024-03-11,0.007112228894065139
2024-03-11,2024-03-12,-0.017617159008768042
2024-03-12,2024-03-13,0.0016513497781390114
2024-03-13,2024-03-14,0.0016513497781390114
2024-03-14,2024-03-15,0.0016513497781390114
2024-03-15,2024-03-18,0.0016513497781390114
2024-03-18,2024-03-19,0.0016513497781390114
2024-03-19,2024-03-20,0.011157156961069128
2024-03-20,2024-03-21,0.014848457825062254
2024-03-21,2024-03-22,0.014848457825062254
2024-03-22,2024-03-25,0.014848457825062254
2024-03-25,2024-03-26,0.011157156961069128
2024-03-26,2024-03-27,0.0016513497781390114
2024-03-27,2024-03-28,0.0016513497781390114
2024-03-28,2024-03-29,0.008626889859476627
2024-03-29,2024-04-01,0.0016513497781390114
2024-04-01,2024-04-02,0.006815835843379856
2024-04-02,2024-04-03,0.006815835843379856
2024-04-03,2024-04-08,0.013946243191915474
2024-04-08,2024-04-09,0.013946243191915474
2024-04-09,2024-04-10,1.0173664224704358e-05
2024-04-10,2024-04-11,1.0173664224704358e-05
2024-04-11,2024-04-12,1.0173664224704358e-05
2024-04-12,2024-04-15,0.013946243191915474
2024-04-15,2024-04-16,0.013946243191915474
2024-04-16,2024-04-17,0.013946243191915474
2024-04-17,2024-04-18,0.013946243191915474
2024-04-18,2024-04-19,0.013946243191915474
2024-04-19,2024-04-22,0.013946243191915474
2024-04-22,2024-04-23,0.013946243191915474
2024-04-23,2024-04-24,0.013946243191915474
2024-04-24,2024-04-25,0.013946243191915474
2024-04-25,2024-04-26,0.013946243191915474
2024-04-26,2024-04-29,0.013946243191915474
2024-04-29,2024-04-30,0.013946243191915474
2024-04-30,2024-05-06,0.013946243191915474
2024-05-06,2024-05-07,0.013912937452285945
2024-05-07,2024-05-08,0.013912937452285945
2024-05-08,2024-05-09,0.013912937452285945
2024-05-09,2024-05-10,0.013912937452285945
2024-05-10,2024-05-13,0.013912937452285945
2024-05-13,2024-05-14,0.004694489576644567
2024-05-14,2024-05-15,0.004694489576644567
2024-05-15,2024-05-16,0.013912937452285945
2024-05-16,2024-05-17,0.013912937452285945
2024-05-17,2024-05-20,0.013912937452285945
2024-05-20,2024-05-21,0.013912937452285945
2024-05-21,2024-05-22,0.013912937452285945
2024-05-22,2024-05-23,-0.005853395322753666
2024-05-23,2024-05-24,0.006846943539145832
2024-05-24,2024-05-27,-0.005853395322753666
2024-05-27,2024-05-28,1.622888147868526e-05
2024-05-28,2024-05-29,-0.005853395322753666
2024-05-29,2024-05-30,-0.005853395322753666
2024-05-30,2024-05-31,0.006846943539145832
2024-05-31,2024-06-03,0.006846943539145832
2024-06-03,2024-06-04,-0.009887377170291551
2024-06-04,2024-06-05,-0.015992825025794438
2024-06-05,2024-06-06,-0.015992825025794438
2024-06-06,2024-06-07,-0.015992825025794438
2024-06-07,2024-06-11,-0.015992825025794438
2024-06-11,2024-06-12,-0.02288848911613811
2024-06-12,2024-06-13,-0.02288848911613811
2024-06-13,2024-06-14,-0.02288848911613811
2024-06-14,2024-06-17,-0.02288848911613811
2024-06-17,2024-06-18,-0.016783041260635227
2024-06-18,2024-06-19,-0.0037787481537043996
2024-06-19,2024-06-20,-0.0037787481537043996
2024-06-20,2024-06-21,-0.0037787481537043996
2024-06-21,2024-06-24,-0.0037787481537043996
2024-06-24,2024-06-25,0.015167208643336373
2024-06-25,2024-06-26,0.024134482372134638
2024-06-26,2024-06-27,0.024134482372134638
2024-06-27,2024-06-28,0.01113018926520381
2024-06-28,2024-07-01,0.0011633685553559237
2024-07-01,2024-07-02,0.013955875830491727
2024-07-02,2024-07-03,0.013955875830491727
2024-07-03,2024-07-04,0.013955875830491727
2024-07-04,2024-07-05,0.00027125014112092637
2024-07-05,2024-07-08,0.013955875830491727
2024-07-08,2024-07-09,0.013955875830491727
2024-07-09,2024-07-10,0.013955875830491727
2024-07-10,2024-07-11,0.013955875830491727
2024-07-11,2024-07-12,0.013955875830491727
2024-07-12,2024-07-15,0.013955875830491727
2024-07-15,2024-07-16,0.013955875830491727
2024-07-16,2024-07-17,0.013955875830491727
2024-07-17,2024-07-18,0.013955875830491727
2024-07-18,2024-07-19,0.013955875830491727
2024-07-19,2024-07-22,0.013955875830491727
2024-07-22,2024-07-23,0.013955875830491727
2024-07-23,2024-07-24,0.004803882146566447
2024-07-24,2024-07-25,0.004803882146566447
2024-07-25,2024-07-26,0.004803882146566447
2024-07-26,2024-07-29,0.004803882146566447
2024-07-29,2024-07-30,0.013955875830491727
2024-07-30,2024-07-31,0.008193765747791805
2024-07-31,2024-08-01,0.013955875830491727
2024-08-01,2024-08-02,0.013944994725044985
2024-08-02,2024-08-05,0.013944994725044985
2024-08-05,2024-08-06,0.013944994725044985
2024-08-06,2024-08-07,0.013944994725044985
2024-08-07,2024-08-08,0.013944994725044985
2024-08-08,2024-08-09,0.013944994725044985
2024-08-09,2024-08-12,0.013944994725044985
2024-08-12,2024-08-13,0.004809778541922617
2024-08-13,2024-08-14,0.013944994725044985
2024-08-14,2024-08-15,0.004809778541922617
2024-08-15,2024-08-16,0.004809778541922617
2024-08-16,2024-08-19,0.006793933478053292
2024-08-19,2024-08-20,0.006793933478053292
2024-08-20,2024-08-21,0.013944994725044985
2024-08-21,2024-08-22,0.013944994725044985
2024-08-22,2024-08-23,0.013944994725044985
2024-08-23,2024-08-26,0.013944994725044985
2024-08-26,2024-08-27,0.013944994725044985
2024-08-27,2024-08-28,0.013944994725044985
2024-08-28,2024-08-29,0.004809778541922617
2024-08-29,2024-08-30,0.004809778541922617
2024-08-30,2024-09-02,0.013944994725044985
2024-09-02,2024-09-03,0.013867475240378365
2024-09-03,2024-09-04,0.013867475240378365
2024-09-04,2024-09-05,0.013867475240378365
2024-09-05,2024-09-06,0.013867475240378365
2024-09-06,2024-09-09,0.013867475240378365
2024-09-09,2024-09-10,0.013867475240378365
2024-09-10,2024-09-11,0.013867475240378365
2024-09-11,2024-09-12,0.013867475240378365
2024-09-12,2024-09-13,0.013867475240378365
2024-09-13,2024-09-18,0.013867475240378365
2024-09-18,2024-09-19,0.013867475240378365
2024-09-19,2024-09-20,0.013867475240378365
2024-09-20,2024-09-23,0.006809580464164095
2024-09-23,2024-09-24,0.006809580464164095
2024-09-24,2024-09-25,0.006809580464164095
2024-09-25,2024-09-26,0.006809580464164095
2024-09-26,2024-09-27,0.006809580464164095
2024-09-27,2024-09-30,0.006809580464164095
2024-09-30,2024-10-08,0.006809580464164095
2024-10-08,2024-10-09,0.006891963131139159
2024-10-09,2024-10-10,0.006891963131139159
2024-10-10,2024-10-11,0.006891963131139159
2024-10-11,2024-10-14,0.006891963131139159
2024-10-14,2024-10-15,0.006891963131139159
2024-10-15,2024-10-16,0.013881273790038128
2024-10-16,2024-10-17,0.013881273790038128
2024-10-17,2024-10-18,0.013881273790038128
2024-10-18,2024-10-21,0.013881273790038128
2024-10-21,2024-10-22,0.013881273790038128
2024-10-22,2024-10-23,0.013881273790038128
2024-10-23,2024-10-24,-0.00571191676760794
2024-10-24,2024-10-25,8.627213564651234e-05
2024-10-25,2024-10-28,8.627213564651234e-05
2024-10-28,2024-10-29,0.006891963131139159
2024-10-29,2024-10-30,0.006891963131139159
2024-10-30,2024-10-31,0.006891963131139159
2024-10-31,2024-11-01,0.006891963131139159
2024-11-01,2024-11-04,0.006819593799908617
2024-11-04,2024-11-05,0.006819593799908617
2024-11-05,2024-11-06,0.006819593799908617
2024-11-06,2024-11-07,0.006819593799908617
2024-11-07,2024-11-08,0.006819593799908617
2024-11-08,2024-11-11,0.006819593799908617
2024-11-11,2024-11-12,0.006819593799908617
2024-11-12,2024-11-13,0.006819593799908617
2024-11-13,2024-11-14,0.006819593799908617
2024-11-14,2024-11-15,0.006819593799908617
2024-11-15,2024-11-18,0.006819593799908617
2024-11-18,2024-11-19,0.004700642703477978
2024-11-19,2024-11-20,0.004700642703477978
2024-11-20,2024-11-21,0.006819593799908617
2024-11-21,2024-11-22,0.006819593799908617
2024-11-22,2024-11-25,0.004700642703477978
2024-11-25,2024-11-26,0.006819593799908617
2024-11-26,2024-11-27,0.006819593799908617
2024-11-27,2024-11-28,0.006819593799908617
2024-11-28,2024-11-29,0.006819593799908617
2024-11-29,2024-12-02,0.006819593799908617
2024-12-02,2024-12-03,0.051961488353257236
2024-12-03,2024-12-04,0.04831185047524673
2024-12-04,2024-12-05,0.06129120726371028
2024-12-05,2024-12-06,0.06129120726371028
2024-12-06,2024-12-09,0.03828547556693237
2024-12-09,2024-12-10,0.048131268312124026
2024-12-10,2024-12-11,0.051961488353257236
2024-12-11,2024-12-12,0.051961488353257236
2024-12-12,2024-12-13,0.051961488353257236
2024-12-13,2024-12-16,0.06129120726371028
2024-12-16,2024-12-17,0.06129120726371028
2024-12-17,2024-12-18,0.05651026117876192
2024-12-18,2024-12-19,0.06129120726371028
2024-12-19,2024-12-20,0.051701830702521094
2024-12-20,2024-12-23,0.051701830702521094
2024-12-23,2024-12-24,0.056482776787469456
2024-12-24,2024-12-25,0.05651026117876192
2024-12-25,2024-12-26,0.056482776787469456
2024-12-26,2024-12-27,0.051701830702521094
2024-12-27,2024-12-30,0.051701830702521094
2024-12-30,2024-12-31,0.056482776787469456
2024-12-31,2025-01-02,0.04335357748941979
2025-01-02,2025-01-03,0.04535034238826657
2025-01-03,2025-01-06,0.05063906507300137
2025-01-06,2025-01-07,0.03999910947753147
2025-01-07,2025-01-08,0.03999910947753147
2025-01-08,2025-01-09,0.03999910947753147
2025-01-09,2025-01-10,0.03999910947753147
2025-01-10,2025-01-13,0.03999910947753147
2025-01-13,2025-01-14,0.05063906507300137
2025-01-14,2025-01-15,0.04535034238826657
2025-01-15,2025-01-16,0.05063906507300137
2025-01-16,2025-01-17,0.05063906507300137
2025-01-17,2025-01-20,0.05063906507300137
2025-01-20,2025-01-21,0.05063906507300137
2025-01-21,2025-01-22,0.046554867631793076
2025-01-22,2025-01-23,0.046554867631793076
2025-01-23,2025-01-24,0.046554867631793076
2025-01-24,2025-01-27,0.046554867631793076
2025-01-27,2025-02-05,0.05184359031652788
2025-02-05,2025-02-06,0.04586203577562472
2025-02-06,2025-02-07,0.0400370134601908
2025-02-07,2025-02-10,0.04586203577562472
2025-02-10,2025-02-11,0.04586203577562472
2025-02-11,2025-02-12,0.04586203577562472
2025-02-12,2025-02-13,0.04586203577562472
2025-02-13,2025-02-14,0.04586203577562472
2025-02-14,2025-02-17,0.04586203577562472
2025-02-17,2025-02-18,0.04586203577562472
2025-02-18,2025-02-19,0.04586203577562472
2025-02-19,2025-02-20,0.04586203577562472
2025-02-20,2025-02-21,0.0400370134601908
2025-02-21,2025-02-24,0.04586203577562472
2025-02-24,2025-02-25,0.04586203577562472
2025-02-25,2025-02-26,0.04586203577562472
2025-02-26,2025-02-27,0.04586203577562472
2025-02-27,2025-02-28,0.04586203577562472
2025-02-28,2025-03-03,0.04586203577562472
2025-03-03,2025-03-04,0.05079856657061277
2025-03-04,2025-03-05,0.03979370154107156
2025-03-05,2025-03-06,0.03979370154107156
2025-03-06,2025-03-07,0.03979370154107156
2025-03-07,2025-03-10,0.03979370154107156
2025-03-10,2025-03-11,0.04464508164885928
2025-03-11,2025-03-12,0.04464508164885928
2025-03-12,2025-03-13,0.04464508164885928
2025-03-13,2025-03-14,0.008389500891033377
2025-03-14,2025-03-17,0.04464508164885928
2025-03-17,2025-03-18,0.008389500891033377
2025-03-18,2025-03-19,0.05564994667840049
2025-03-19,2025-03-20,0.05564994667840049
2025-03-20,2025-03-21,-0.004179199644726044
2025-03-21,2025-03-24,0.008389500891033377
2025-03-24,2025-03-25,0.05564994667840049
2025-03-25,2025-03-26,0.008389500891033377
2025-03-26,2025-03-27,0.04886265822729093
2025-03-27,2025-03-28,0.04886265822729093
2025-03-28,2025-03-31,0.05564994667840049
2025-03-31,2025-04-01,0.05564994667840049
2025-04-01,2025-04-02,0.03793795963707121
2025-04-02,2025-04-03,0.03793795963707121
2025-04-03,2025-04-07,0.014474982276061909
2025-04-07,2025-04-08,0.014474982276061909
2025-04-08,2025-04-09,0.0021186117350790934
2025-04-09,2025-04-10,0.014474982276061909
2025-04-10,2025-04-11,0.02921329666353259
2025-04-11,2025-04-14,0.02921329666353259
2025-04-14,2025-04-15,0.02921329666353259
2025-04-15,2025-04-16,0.02059529074023059
2025-04-16,2025-04-17,0.0021186117350790934
2025-04-17,2025-04-18,0.02059529074023059
2025-04-18,2025-04-21,0.02059529074023059
2025-04-21,2025-04-22,0.02059529074023059
2025-04-22,2025-04-23,0.02059529074023059
2025-04-23,2025-04-24,0.02059529074023059
2025-04-24,2025-04-25,0.02059529074023059
2025-04-25,2025-04-28,0.0021186117350790934
2025-04-28,2025-04-29,-0.002639467365917624
2025-04-29,2025-04-30,0.02921329666353259
2025-04-30,2025-05-06,0.02921329666353259
2025-05-06,2025-05-07,0.056477633409735745
2025-05-07,2025-05-08,0.056477633409735745
2025-05-08,2025-05-09,0.056477633409735745
2025-05-09,2025-05-12,0.056477633409735745
2025-05-12,2025-05-13,0.056477633409735745
2025-05-13,2025-05-14,0.056477633409735745
2025-05-14,2025-05-15,0.056477633409735745
2025-05-15,2025-05-16,0.03170084442384695
2025-05-16,2025-05-19,0.048045354241997046
2025-05-19,2025-05-20,0.056477633409735745
2025-05-20,2025-05-21,0.03170084442384695
2025-05-21,2025-05-22,0.056477633409735745
2025-05-22,2025-05-23,0.056477633409735745
2025-05-23,2025-05-26,0.051517935497641484
2025-05-26,2025-05-27,0.056477633409735745
2025-05-27,2025-05-28,0.04605668426644728
2025-05-28,2025-05-29,0.04605668426644728
2025-05-29,2025-05-30,0.056477633409735745
2025-05-30,2025-06-03,0.05101638217854154
2025-06-03,2025-06-04,0.09306583244476535
2025-06-04,2025-06-05,0.09849912706018907
2025-06-05,2025-06-06,0.09849912706018907
2025-06-06,2025-06-09,0.09849912706018907
2025-06-09,2025-06-10,0.09849912706018907
2025-06-10,2025-06-11,0.09849912706018907
2025-06-11,2025-06-12,0.09849912706018907
2025-06-12,2025-06-13,0.09849912706018907
2025-06-13,2025-06-16,0.09306583244476535
2025-06-16,2025-06-17,0.09849912706018907
2025-06-17,2025-06-18,0.09849912706018907
2025-06-18,2025-06-19,0.09849912706018907
2025-06-19,2025-06-20,0.07357943108616102
2025-06-20,2025-06-23,0.08266221344522165
2025-06-23,2025-06-24,0.07357943108616102
2025-06-24,2025-06-25,0.08266221344522165
2025-06-25,2025-06-26,0.09849912706018907
2025-06-26,2025-06-27,0.09849912706018907
2025-06-27,2025-06-30,0.09849912706018907
2025-06-30,2025-07-01,0.09134166137838678
2025-07-01,2025-07-02,0.0662421497395987
2025-07-02,2025-07-03,0.06468632197280494
2025-07-03,2025-07-04,0.07836783033762111
2025-07-04,2025-07-07,-0.0011653036756379643
2025-07-07,2025-07-08,-0.01698022086323287
2025-07-08,2025-07-09,-0.04900862383062388
2025-07-09,2025-07-10,0.026544617044324294
2025-07-10,2025-07-11,0.07394182195951673
2025-07-11,2025-07-14,0.07836783033762111
2025-07-14,2025-07-15,0.07515664735581626
2025-07-15,2025-07-16,0.07515664735581626
2025-07-16,2025-07-17,0.07836783033762111
2025-07-17,2025-07-18,0.07515664735581626
2025-07-18,2025-07-21,0.07836783033762111
2025-07-21,2025-07-22,0.07836783033762111
2025-07-22,2025-07-23,0.07150815542225644
2025-07-23,2025-07-24,0.07836783033762111
2025-07-24,2025-07-25,0.07123456836579771
2025-07-25,2025-07-28,0.0662421497395987
2025-07-28,2025-07-29,0.0662421497395987
2025-07-29,2025-07-30,0.0662421497395987
2025-07-30,2025-07-31,0.07836783033762111
2025-07-31,2025-08-01,0.07836783033762111
2025-08-01,2025-08-04,0.05596180581410277
2025-08-04,2025-08-05,0.05596180581410277
2025-08-05,2025-08-06,0.05596180581410277
2025-08-06,2025-08-07,0.05596180581410277
2025-08-07,2025-08-08,0.05596180581410277
2025-08-08,2025-08-11,0.05596180581410277
2025-08-11,2025-08-12,0.05596180581410277
2025-08-12,2025-08-13,0.04504233939463789
2025-08-13,2025-08-14,0.04504233939463789
2025-08-14,2025-08-15,0.05028507848057299
2025-08-15,2025-08-18,0.04504233939463789
2025-08-18,2025-08-19,0.04504233939463789
2025-08-19,2025-08-20,0.04504233939463789
2025-08-20,2025-08-21,0.04504233939463789
2025-08-21,2025-08-22,0.0054938330001475695
2025-08-22,2025-08-25,0.05596180581410277
2025-08-25,2025-08-26,0.05596180581410277
2025-08-26,2025-08-27,0.05596180581410277
2025-08-27,2025-08-28,0.05596180581410277
2025-08-28,2025-08-29,-0.02511230903106617
2025-08-29,2025-09-01,0.05596180581410277
2025-09-01,2025-09-02,0.025618457408601962
2025-09-02,2025-09-03,0.025618457408601962
2025-09-03,2025-09-04,-0.01494515964001617
2025-09-04,2025-09-05,-0.01494515964001617
2025-09-05,2025-09-08,0.005903994923171822
2025-09-08,2025-09-09,0.025618457408601962
2025-09-09,2025-09-10,0.025618457408601962
2025-09-10,2025-09-11,0.025618457408601962
2025-09-11,2025-09-12,0.025618457408601962
2025-09-12,2025-09-15,0.025618457408601962
2025-09-15,2025-09-16,0.025618457408601962
2025-09-16,2025-09-17,0.025618457408601962
2025-09-17,2025-09-18,0.025618457408601962
2025-09-18,2025-09-19,0.025618457408601962
2025-09-19,2025-09-22,0.025618457408601962
2025-09-22,2025-09-23,0.025618457408601962
2025-09-23,2025-09-24,0.025618457408601962
2025-09-24,2025-09-25,0.020427979289468233
2025-09-25,2025-09-26,0.020427979289468233
2025-09-26,2025-09-29,0.025618457408601962
2025-09-29,2025-09-30,0.020427979289468233
2025-09-30,2025-10-09,0.020427979289468233
2025-10-09,2025-10-10,0.02517417028079657
2025-10-10,2025-10-13,0.02517417028079657
2025-10-13,2025-10-14,0.02517417028079657
2025-10-14,2025-10-15,0.006177481512755106
2025-10-15,2025-10-16,0.006177481512755106
2025-10-16,2025-10-17,0.02517417028079657
2025-10-17,2025-10-20,0.02517417028079657
2025-10-20,2025-10-21,0.02517417028079657
2025-10-21,2025-10-22,0.02517417028079657
2025-10-22,2025-10-23,0.02517417028079657
2025-10-23,2025-10-24,0.02517417028079657
2025-10-24,2025-10-27,0.02517417028079657
2025-10-27,2025-10-28,0.01994746251495031
2025-10-28,2025-10-29,0.01994746251495031
2025-10-29,2025-10-30,0.02517417028079657
2025-10-30,2025-10-31,-0.003133832740790368
2025-10-31,2025-11-03,0.02517417028079657
2025-11-03,2025-11-04,0.02414800370857627
2025-11-04,2025-11-05,0.0604587432997191
2025-11-05,2025-11-06,-0.020770516965273197
2025-11-06,2025-11-07,0.06419061967254998
2025-11-07,2025-11-10,0.06038023982048763
2025-11-10,2025-11-11,0.03435564130282967
2025-11-11,2025-11-12,0.04833937442926091
2025-11-12,2025-11-13,0.04833937442926091
2025-11-13,2025-11-14,0.04716032890802201
2025-11-14,2025-11-17,0.04833937442926091
2025-11-17,2025-11-18,0.04716032890802201
2025-11-18,2025-11-19,0.04716032890802201
2025-11-19,2025-11-20,0.04716032890802201
2025-11-20,2025-11-21,0.04716032890802201
2025-11-21,2025-11-24,0.051632333582891765
2025-11-24,2025-11-25,0.04770390450810896
2025-11-25,2025-11-26,0.050623179319933306
2025-11-26,2025-11-27,0.050623179319933306
2025-11-27,2025-11-28,0.04647937305624838
2025-11-28,2025-12-01,0.050623179319933306
2025-12-01,2025-12-02,0.04484165989912136
2025-12-02,2025-12-03,0.03596754112351673
2025-12-03,2025-12-04,0.04986500684015097
2025-12-04,2025-12-05,0.04986500684015097
2025-12-05,2025-12-08,0.04986500684015097
2025-12-08,2025-12-09,0.04986500684015097
2025-12-09,2025-12-10,0.0553821448932851
2025-12-10,2025-12-11,0.0553821448932851
2025-12-11,2025-12-12,0.0553821448932851
2025-12-12,2025-12-15,0.0553821448932851
2025-12-15,2025-12-16,0.05674569091496087
2025-12-16,2025-12-17,0.04676674164431513
2025-12-17,2025-12-18,0.0553821448932851
2025-12-18,2025-12-19,0.0553821448932851
2025-12-19,2025-12-22,0.06448018691913529
2025-12-22,2025-12-23,0.059525541594756544
2025-12-23,2025-12-24,0.06983788911457772
2025-12-24,2025-12-25,0.06983788911457772
2025-12-25,2025-12-26,0.06983788911457772
2025-12-26,2025-12-29,0.07486219306084471
2025-12-29,2025-12-30,0.06983788911457772
2025-12-30,2025-12-31,0.0553821448932851
2025-12-31,2026-01-05,0.051358801794396065
2026-01-05,2026-01-06,0.039174856764001946
2026-01-06,2026-01-07,0.04406450222381181
2026-01-07,2026-01-08,0.04937379947251164
2026-01-08,2026-01-09,0.04937379947251164
2026-01-09,2026-01-12,0.05377518006513269
2026-01-12,2026-01-13,0.058752433879679336
2026-01-13,2026-01-14,0.058752433879679336
2026-01-14,2026-01-15,-0.04168382099153517
2026-01-15,2026-01-16,-0.02695435782676958
2026-01-16,2026-01-19,-0.02695435782676958
2026-01-19,2026-01-20,0.01739238987213467
2026-01-20,2026-01-21,0.01739238987213467
2026-01-21,2026-01-22,0.01739238987213467
2026-01-22,2026-01-23,0.029709564187573603
2026-01-23,2026-01-26,-0.017097303678668102
2026-01-26,2026-01-27,-0.014273534363514025
2026-01-27,2026-01-28,-0.02760916153548204
2026-01-28,2026-01-29,0.024115139541469727
2026-01-29,2026-01-30,0.024115139541469727
2026-01-30,2026-02-02,0.001068787700942762
2026-02-02,2026-02-03,-0.022392693029979784
2026-02-03,2026-02-04,-0.018302144880309654
2026-02-04,2026-02-05,-0.02346777109149482
2026-02-05,2026-02-06,-0.00019068868318970192
2026-02-06,2026-02-09,-0.014897058192084044
2026-02-09,2026-02-10,-0.023321499518775914
2026-02-10,2026-02-11,-0.013821177398291695
2026-02-11,2026-02-12,-0.013406245165828133
2026-02-12,2026-02-13,-0.013406245165828133
2026-02-13,2026-02-24,-0.01758529128769552
2026-02-24,2026-02-25,-0.011764120539131073
2026-02-25,2026-02-26,-0.003936621079247296
2026-02-26,2026-02-27,-0.008800697068296927
2026-02-27,2026-03-02,-0.02296436722460623
2026-03-02,2026-03-03,-0.009456406182924183
2026-03-03,2026-03-04,-0.02726146158629479
2026-03-04,2026-03-05,-0.019082823836221015
2026-03-05,2026-03-06,-0.034136655689584156
2026-03-06,2026-03-09,-0.02996113930504097
2026-03-09,2026-03-10,-0.025886288527652672
2026-03-10,2026-03-11,-0.02996113930504097
2026-03-11,2026-03-12,-0.034136655689584156
2026-03-12,2026-03-13,-0.02996113930504097
2026-03-13,2026-03-16,-0.024693360260187217
2026-03-16,2026-03-17,-0.024693360260187217
2026-03-17,2026-03-18,-0.024693360260187217
2026-03-18,2026-03-19,-0.024693360260187217
2026-03-19,2026-03-20,-0.02061850948279892
2026-03-20,2026-03-23,-0.02061850948279892
2026-03-23,2026-03-24,-0.02061850948279892
2026-03-24,2026-03-25,-0.025886288527652672
2026-03-25,2026-03-26,-0.034136655689584156
2026-03-26,2026-03-27,-0.02061850948279892
2026-03-27,2026-03-30,-0.015007973058832717
2026-03-30,2026-03-31,-0.011449298452418601
2026-03-31,2026-04-01,-0.0170598348763848
2026-04-01,2026-04-02,-0.013021229862575284
2026-04-02,2026-04-03,-0.013021229862575284
2026-04-03,2026-04-07,-0.013021229862575284
2026-04-07,2026-04-08,-0.013021229862575284
2026-04-08,2026-04-09,-0.013021229862575284
2026-04-09,2026-04-10,-0.006000663997208413
2026-04-10,2026-04-13,-0.0024213339378558567
2026-04-13,2026-04-14,-0.006000663997208413
2026-04-14,2026-04-15,-0.0024213339378558567
2026-04-15,2026-04-16,-0.0024213339378558567
2026-04-16,2026-04-17,-0.0024213339378558567
2026-04-17,2026-04-20,0.0026798400248279294
2026-04-20,2026-04-21,0.0026798400248279294
2026-04-21,2026-04-22,-0.013021229862575284
2026-04-22,2026-04-23,-0.007655463598916961
2026-04-23,2026-04-24,-0.011257739507630224
2026-04-24,2026-04-27,-0.0003697006721866871
2026-04-27,2026-04-28,0.006993176204448865
2026-04-28,2026-04-29,0.012985727492488691
2026-04-29,2026-04-30,0.012985727492488691
2026-04-30,2026-05-06,0.0164397446860347
2026-05-06,2026-05-07,0.016121123140118074
2026-05-07,2026-05-08,0.007365544340862085
2026-05-08,2026-05-11,0.013345970015683621
2026-05-11,2026-05-12,0.007365544340862085
2026-05-12,2026-05-13,-0.026126969745220073
2026-05-13,2026-05-14,-0.026126969745220073
2026-05-14,2026-05-15,-0.026126969745220073
2026-05-15,2026-05-18,-0.009034434282582392
2026-05-18,2026-05-19,-0.004336554667350367
2026-05-19,2026-05-20,-0.011160054407724416
2026-05-20,2026-05-21,-0.013377437776200032
2026-05-21,2026-05-22,-0.013377437776200032
2026-05-22,2026-05-25,-0.013377437776200032
2026-05-25,2026-05-26,-0.0012089918971090873
2026-05-26,2026-05-27,-0.0012089918971090873
2026-05-27,2026-05-28,-0.0012089918971090873
2026-05-28,2026-05-29,-0.013377437776200032
2026-05-29,2026-06-01,-0.02036123731780992
2026-06-01,2026-06-02,-0.00893685386698064
2026-06-02,2026-06-03,-0.0025401564305800985
2026-06-03,2026-06-04,-0.0025401564305800985
2026-06-04,2026-06-05,-0.0025401564305800985
2026-06-05,2026-06-08,-0.0025401564305800985
2026-06-08,2026-06-09,-0.013752464287791658
2026-06-09,2026-06-10,-0.013752464287791658
2026-06-10,2026-06-11,-0.013752464287791658
2026-06-11,2026-06-12,-0.013752464287791658
2026-06-12,2026-06-15,-0.013752464287791658
2026-06-15,2026-06-16,-0.004570073214348651
2026-06-16,2026-06-17,-0.004570073214348651
2026-06-17,2026-06-18,0.006256032486681181
2026-06-18,2026-06-22,0.012223768902008006
2026-06-22,2026-06-23,0.012223768902008006
2026-06-23,2026-06-24,0.012223768902008006
2026-06-24,2026-06-25,0.012223768902008006
2026-06-25,2026-06-26,0.012223768902008006
2026-06-26,2026-06-29,0.012223768902008006
2026-06-29,2026-06-30,0.017890929151189915
2026-06-30,2026-07-01,0.017890929151189915
2026-07-01,2026-07-02,0.026719880617688957
2026-07-02,2026-07-03,0.026719880617688957
2026-07-03,2026-07-06,0.026719880617688957
2026-07-06,2026-07-07,0.026719880617688957
2026-07-07,2026-07-08,0.026719880617688957
2026-07-08,2026-07-09,0.026719880617688957
2026-07-09,2026-07-10,0.026719880617688957
2026-07-10,2026-07-13,0.026719880617688957
2026-07-13,2026-07-14,0.026719880617688957
2026-07-14,2026-07-15,0.026719880617688957
2026-07-15,2026-07-16,0.026719880617688957
2026-07-16,2026-07-17,-0.00983835007340768
2026-07-17,2026-07-20,-0.00983835007340768
2026-07-20,2026-07-21,-0.005193757883697095
2026-07-21,2026-07-22,0.009914109193396727
2026-07-22,2026-07-23,0.009914109193396727
