signal_date,available_date,LightGBM
2020-01-02,2020-01-03,0.010766238636041935
2020-01-03,2020-01-06,0.010766238636041935
2020-01-06,2020-01-07,0.010766238636041935
2020-01-07,2020-01-08,0.010766238636041935
2020-01-08,2020-01-09,0.010766238636041935
2020-01-09,2020-01-10,0.010766238636041935
2020-01-10,2020-01-13,0.01261587318142664
2020-01-13,2020-01-14,0.01261587318142664
2020-01-14,2020-01-15,0.01261587318142664
2020-01-15,2020-01-16,0.01261587318142664
2020-01-16,2020-01-17,0.01261587318142664
2020-01-17,2020-01-20,0.01261587318142664
2020-01-20,2020-01-21,0.01261587318142664
2020-01-21,2020-01-22,0.01261587318142664
2020-01-22,2020-01-23,0.01261587318142664
2020-01-23,2020-02-03,0.010766238636041935
2020-02-03,2020-02-04,0.012532565714789858
2020-02-04,2020-02-05,0.012532565714789858
2020-02-05,2020-02-06,0.012532565714789858
2020-02-06,2020-02-07,0.012532565714789858
2020-02-07,2020-02-10,0.012532565714789858
2020-02-10,2020-02-11,0.012532565714789858
2020-02-11,2020-02-12,0.012532565714789858
2020-02-12,2020-02-13,0.012532565714789858
2020-02-13,2020-02-14,0.012532565714789858
2020-02-14,2020-02-17,0.012532565714789858
2020-02-17,2020-02-18,0.012532565714789858
2020-02-18,2020-02-19,0.012532565714789858
2020-02-19,2020-02-20,0.012532565714789858
2020-02-20,2020-02-21,0.012532565714789858
2020-02-21,2020-02-24,0.012532565714789858
2020-02-24,2020-02-25,0.012532565714789858
2020-02-25,2020-02-26,0.012532565714789858
2020-02-26,2020-02-27,0.012532565714789858
2020-02-27,2020-02-28,0.012532565714789858
2020-02-28,2020-03-02,0.012532565714789858
2020-03-02,2020-03-03,0.012549737878815201
2020-03-03,2020-03-04,0.012549737878815201
2020-03-04,2020-03-05,0.012549737878815201
2020-03-05,2020-03-06,0.006922857741263403
2020-03-06,2020-03-09,0.006922857741263403
2020-03-09,2020-03-10,0.006922857741263403
2020-03-10,2020-03-11,0.006922857741263403
2020-03-11,2020-03-12,0.006922857741263403
2020-03-12,2020-03-13,0.006922857741263403
2020-03-13,2020-03-16,-0.005936408896605454
2020-03-16,2020-03-17,0.002438463044406632
2020-03-17,2020-03-18,0.006922857741263403
2020-03-18,2020-03-19,0.006922857741263403
2020-03-19,2020-03-20,0.012549737878815201
2020-03-20,2020-03-23,0.012549737878815201
2020-03-23,2020-03-24,0.012549737878815201
2020-03-24,2020-03-25,0.012549737878815201
2020-03-25,2020-03-26,0.012549737878815201
2020-03-26,2020-03-27,0.012549737878815201
2020-03-27,2020-03-30,0.012549737878815201
2020-03-30,2020-03-31,0.012549737878815201
2020-03-31,2020-04-01,0.016995424631478087
2020-04-01,2020-04-02,0.002407378804893597
2020-04-02,2020-04-03,0.01689223856986633
2020-04-03,2020-04-07,0.01689223856986633
2020-04-07,2020-04-08,0.01689223856986633
2020-04-08,2020-04-09,0.01689223856986633
2020-04-09,2020-04-10,0.01689223856986633
2020-04-10,2020-04-13,0.01689223856986633
2020-04-13,2020-04-14,0.01689223856986633
2020-04-14,2020-04-15,0.01689223856986633
2020-04-15,2020-04-16,0.01689223856986633
2020-04-16,2020-04-17,0.01689223856986633
2020-04-17,2020-04-20,0.01689223856986633
2020-04-20,2020-04-21,0.01689223856986633
2020-04-21,2020-04-22,0.01689223856986633
2020-04-22,2020-04-23,0.01689223856986633
2020-04-23,2020-04-24,0.01689223856986633
2020-04-24,2020-04-27,0.01689223856986633
2020-04-27,2020-04-28,0.01689223856986633
2020-04-28,2020-04-29,0.01689223856986633
2020-04-29,2020-04-30,0.01689223856986633
2020-04-30,2020-05-06,0.01689223856986633
2020-05-06,2020-05-07,0.015511647578509829
2020-05-07,2020-05-08,0.015511647578509829
2020-05-08,2020-05-11,0.015511647578509829
2020-05-11,2020-05-12,0.015511647578509829
2020-05-12,2020-05-13,0.015511647578509829
2020-05-13,2020-05-14,0.015511647578509829
2020-05-14,2020-05-15,0.015511647578509829
2020-05-15,2020-05-18,0.015511647578509829
2020-05-18,2020-05-19,0.015511647578509829
2020-05-19,2020-05-20,0.015511647578509829
2020-05-20,2020-05-21,0.015511647578509829
2020-05-21,2020-05-22,0.015511647578509829
2020-05-22,2020-05-25,0.015511647578509829
2020-05-25,2020-05-26,0.015511647578509829
2020-05-26,2020-05-27,0.015511647578509829
2020-05-27,2020-05-28,0.015511647578509829
2020-05-28,2020-05-29,0.015511647578509829
2020-05-29,2020-06-01,0.015511647578509829
2020-06-01,2020-06-02,0.01558046744296636
2020-06-02,2020-06-03,0.01558046744296636
2020-06-03,2020-06-04,0.01558046744296636
2020-06-04,2020-06-05,0.01558046744296636
2020-06-05,2020-06-08,0.01558046744296636
2020-06-08,2020-06-09,0.01558046744296636
2020-06-09,2020-06-10,0.01558046744296636
2020-06-10,2020-06-11,0.01558046744296636
2020-06-11,2020-06-12,0.01558046744296636
2020-06-12,2020-06-15,0.01558046744296636
2020-06-15,2020-06-16,0.01558046744296636
2020-06-16,2020-06-17,0.01558046744296636
2020-06-17,2020-06-18,0.01558046744296636
2020-06-18,2020-06-19,0.01558046744296636
2020-06-19,2020-06-22,0.006914422127835267
2020-06-22,2020-06-23,0.006914422127835267
2020-06-23,2020-06-24,0.006914422127835267
2020-06-24,2020-06-29,0.006914422127835267
2020-06-29,2020-06-30,0.006914422127835267
2020-06-30,2020-07-01,0.006914422127835267
2020-07-01,2020-07-02,0.006558675797239094
2020-07-02,2020-07-03,0.006558675797239094
2020-07-03,2020-07-06,0.006960137123695375
2020-07-06,2020-07-07,0.007526818507972847
2020-07-07,2020-07-08,0.007526818507972847
2020-07-08,2020-07-09,0.006960137123695375
2020-07-09,2020-07-10,0.006960137123695375
2020-07-10,2020-07-13,0.006960137123695375
2020-07-13,2020-07-14,0.006960137123695375
2020-07-14,2020-07-15,0.006960137123695375
2020-07-15,2020-07-16,0.006960137123695375
2020-07-16,2020-07-17,0.007526818507972847
2020-07-17,2020-07-20,0.006960137123695375
2020-07-20,2020-07-21,0.006960137123695375
2020-07-21,2020-07-22,0.006960137123695375
2020-07-22,2020-07-23,0.006960137123695375
2020-07-23,2020-07-24,0.006960137123695375
2020-07-24,2020-07-27,0.006960137123695375
2020-07-27,2020-07-28,0.006960137123695375
2020-07-28,2020-07-29,0.006960137123695375
2020-07-29,2020-07-30,0.006960137123695375
2020-07-30,2020-07-31,0.006960137123695375
2020-07-31,2020-08-03,0.006960137123695375
2020-08-03,2020-08-04,0.007130676061733325
2020-08-04,2020-08-05,0.0024190092721458403
2020-08-05,2020-08-06,0.007130676061733325
2020-08-06,2020-08-07,0.011433956193891717
2020-08-07,2020-08-10,0.011433956193891717
2020-08-10,2020-08-11,0.011433956193891717
2020-08-11,2020-08-12,0.011433956193891717
2020-08-12,2020-08-13,0.0024190092721458403
2020-08-13,2020-08-14,0.011433956193891717
2020-08-14,2020-08-17,0.011433956193891717
2020-08-17,2020-08-18,-0.004455060544471513
2020-08-18,2020-08-19,0.006533212262230973
2020-08-19,2020-08-20,0.006533212262230973
2020-08-20,2020-08-21,0.006533212262230973
2020-08-21,2020-08-24,0.006533212262230973
2020-08-24,2020-08-25,0.006533212262230973
2020-08-25,2020-08-26,0.006533212262230973
2020-08-26,2020-08-27,0.006533212262230973
2020-08-27,2020-08-28,0.006533212262230973
2020-08-28,2020-08-31,0.006533212262230973
2020-08-31,2020-09-01,0.006533212262230973
2020-09-01,2020-09-02,0.00651839725569314
2020-09-02,2020-09-03,0.00651839725569314
2020-09-03,2020-09-04,0.00651839725569314
2020-09-04,2020-09-07,0.00651839725569314
2020-09-07,2020-09-08,0.0027750931356058744
2020-09-08,2020-09-09,0.0027750931356058744
2020-09-09,2020-09-10,0.0027750931356058744
2020-09-10,2020-09-11,0.0027750931356058744
2020-09-11,2020-09-14,0.00651839725569314
2020-09-14,2020-09-15,0.00651839725569314
2020-09-15,2020-09-16,0.00651839725569314
2020-09-16,2020-09-17,0.00651839725569314
2020-09-17,2020-09-18,0.00651839725569314
2020-09-18,2020-09-21,0.0027750931356058744
2020-09-21,2020-09-22,0.00651839725569314
2020-09-22,2020-09-23,0.00651839725569314
2020-09-23,2020-09-24,0.00651839725569314
2020-09-24,2020-09-25,0.00651839725569314
2020-09-25,2020-09-28,0.00651839725569314
2020-09-28,2020-09-29,0.00651839725569314
2020-09-29,2020-09-30,0.00651839725569314
2020-09-30,2020-10-09,0.00651839725569314
2020-10-09,2020-10-12,0.006548178976848838
2020-10-12,2020-10-13,0.006548178976848838
2020-10-13,2020-10-14,0.006548178976848838
2020-10-14,2020-10-15,0.006548178976848838
2020-10-15,2020-10-16,0.006548178976848838
2020-10-16,2020-10-19,0.0026961562096186084
2020-10-19,2020-10-20,0.0026961562096186084
2020-10-20,2020-10-21,0.006548178976848838
2020-10-21,2020-10-22,0.0026961562096186084
2020-10-22,2020-10-23,0.006548178976848838
2020-10-23,2020-10-26,-0.004245592525712868
2020-10-26,2020-10-27,0.006548178976848838
2020-10-27,2020-10-28,0.006548178976848838
2020-10-28,2020-10-29,0.006548178976848838
2020-10-29,2020-10-30,0.006548178976848838
2020-10-30,2020-11-02,0.011375370488329272
2020-11-02,2020-11-03,0.011360051491253218
2020-11-03,2020-11-04,0.011360051491253218
2020-11-04,2020-11-05,0.011360051491253218
2020-11-05,2020-11-06,0.011360051491253218
2020-11-06,2020-11-09,0.011360051491253218
2020-11-09,2020-11-10,0.0153013114645593
2020-11-10,2020-11-11,0.0153013114645593
2020-11-11,2020-11-12,0.0153013114645593
2020-11-12,2020-11-13,0.0153013114645593
2020-11-13,2020-11-16,0.0153013114645593
2020-11-16,2020-11-17,0.0153013114645593
2020-11-17,2020-11-18,0.011360051491253218
2020-11-18,2020-11-19,0.011360051491253218
2020-11-19,2020-11-20,0.0153013114645593
2020-11-20,2020-11-23,0.0153013114645593
2020-11-23,2020-11-24,0.0153013114645593
2020-11-24,2020-11-25,0.0153013114645593
2020-11-25,2020-11-26,0.0153013114645593
2020-11-26,2020-11-27,0.002673755759029027
2020-11-27,2020-11-30,0.002673755759029027
2020-11-30,2020-12-01,0.002673755759029027
2020-12-01,2020-12-02,-0.08574796010411996
2020-12-02,2020-12-03,-0.07430719379306745
2020-12-03,2020-12-04,-0.11669959162350435
2020-12-04,2020-12-07,-0.10672182836320107
2020-12-07,2020-12-08,-0.05106601424648656
2020-12-08,2020-12-09,-0.06350652331606352
2020-12-09,2020-12-10,-0.061647198979760065
2020-12-10,2020-12-11,-0.0655120031946007
2020-12-11,2020-12-14,-0.05724160784362841
2020-12-14,2020-12-15,-0.0758508119612313
2020-12-15,2020-12-16,-0.0758508119612313
2020-12-16,2020-12-17,-0.0758508119612313
2020-12-17,2020-12-18,-0.0758508119612313
2020-12-18,2020-12-21,-0.07422464328849258
2020-12-21,2020-12-22,-0.07422464328849258
2020-12-22,2020-12-23,-0.07422464328849258
2020-12-23,2020-12-24,-0.07422464328849258
2020-12-24,2020-12-25,-0.0704315727753923
2020-12-25,2020-12-28,-0.08518411016980552
2020-12-28,2020-12-29,-0.09251216502175626
2020-12-29,2020-12-30,-0.11059265565959767
2020-12-30,2020-12-31,-0.11059265565959767
2020-12-31,2021-01-04,-0.1142629360251847
2021-01-04,2021-01-05,-0.07124981591704274
2021-01-05,2021-01-06,-0.05975093771963438
2021-01-06,2021-01-07,-0.06425863986562888
2021-01-07,2021-01-08,-0.06425863986562888
2021-01-08,2021-01-11,-0.06425863986562888
2021-01-11,2021-01-12,-0.06425863986562888
2021-01-12,2021-01-13,-0.06617767425187815
2021-01-13,2021-01-14,-0.06425863986562888
2021-01-14,2021-01-15,-0.06425863986562888
2021-01-15,2021-01-18,-0.07687631827819902
2021-01-18,2021-01-19,-0.061669972105883646
2021-01-19,2021-01-20,-0.05987277965818667
2021-01-20,2021-01-21,-0.045465268866781296
2021-01-21,2021-01-22,-0.045465268866781296
2021-01-22,2021-01-25,-0.05549079475718755
2021-01-25,2021-01-26,-0.056126025502334205
2021-01-26,2021-01-27,-0.056126025502334205
2021-01-27,2021-01-28,-0.056126025502334205
2021-01-28,2021-01-29,-0.06425863986562888
2021-01-29,2021-02-01,-0.03011479422266085
2021-02-01,2021-02-02,-0.008159643334733478
2021-02-02,2021-02-03,-0.008159643334733478
2021-02-03,2021-02-04,-0.008159643334733478
2021-02-04,2021-02-05,-0.047802681375093144
2021-02-05,2021-02-08,-0.04816937832580892
2021-02-08,2021-02-09,-0.04816937832580892
2021-02-09,2021-02-10,-0.010887607039021066
2021-02-10,2021-02-18,-0.010887607039021066
2021-02-18,2021-02-19,-0.010887607039021066
2021-02-19,2021-02-22,0.0038270438199061634
2021-02-22,2021-02-23,0.0038270438199061634
2021-02-23,2021-02-24,0.0038270438199061634
2021-02-24,2021-02-25,0.008969800316366273
2021-02-25,2021-02-26,-0.0022763691555556004
2021-02-26,2021-03-01,0.008969800316366273
2021-03-01,2021-03-02,0.003977216831100134
2021-03-02,2021-03-03,-0.007237661536524541
2021-03-03,2021-03-04,-0.007237661536524541
2021-03-04,2021-03-05,-0.007237661536524541
2021-03-05,2021-03-08,-0.0015023161364508069
2021-03-08,2021-03-09,0.00941963673769958
2021-03-09,2021-03-10,0.003984342789251917
2021-03-10,2021-03-11,-0.006445103631940849
2021-03-11,2021-03-12,0.00941963673769958
2021-03-12,2021-03-15,0.03813501401929984
2021-03-15,2021-03-16,0.02908502855721487
2021-03-16,2021-03-17,0.03556195760978735
2021-03-17,2021-03-18,0.049203699252588703
2021-03-18,2021-03-19,0.049203699252588703
2021-03-19,2021-03-22,0.049203699252588703
2021-03-22,2021-03-23,0.049203699252588703
2021-03-23,2021-03-24,0.049203699252588703
2021-03-24,2021-03-25,0.049203699252588703
2021-03-25,2021-03-26,0.0577463039081175
2021-03-26,2021-03-29,0.0577463039081175
2021-03-29,2021-03-30,0.0577463039081175
2021-03-30,2021-03-31,0.0577463039081175
2021-03-31,2021-04-01,0.0577463039081175
2021-04-01,2021-04-02,0.022789915156734997
2021-04-02,2021-04-06,0.022789915156734997
2021-04-06,2021-04-07,0.022789915156734997
2021-04-07,2021-04-08,0.022789915156734997
2021-04-08,2021-04-09,0.022789915156734997
2021-04-09,2021-04-12,0.022789915156734997
2021-04-12,2021-04-13,0.022789915156734997
2021-04-13,2021-04-14,0.022789915156734997
2021-04-14,2021-04-15,0.022789915156734997
2021-04-15,2021-04-16,0.022789915156734997
2021-04-16,2021-04-19,0.022789915156734997
2021-04-19,2021-04-20,0.01720925107675584
2021-04-20,2021-04-21,0.01720925107675584
2021-04-21,2021-04-22,0.01720925107675584
2021-04-22,2021-04-23,0.01720925107675584
2021-04-23,2021-04-26,0.01720925107675584
2021-04-26,2021-04-27,0.022789915156734997
2021-04-27,2021-04-28,0.022789915156734997
2021-04-28,2021-04-29,0.022789915156734997
2021-04-29,2021-04-30,0.01720925107675584
2021-04-30,2021-05-06,0.022789915156734997
2021-05-06,2021-05-07,0.06380815161602832
2021-05-07,2021-05-10,0.06380815161602832
2021-05-10,2021-05-11,0.06763565769785296
2021-05-11,2021-05-12,0.06380815161602832
2021-05-12,2021-05-13,0.0700311833882574
2021-05-13,2021-05-14,0.0700311833882574
2021-05-14,2021-05-17,0.03781203071117636
2021-05-17,2021-05-18,0.03177185853772964
2021-05-18,2021-05-19,0.03481699647174437
2021-05-19,2021-05-20,0.06081311737659633
2021-05-20,2021-05-21,0.06081311737659633
2021-05-21,2021-05-24,0.06081311737659633
2021-05-24,2021-05-25,0.06432268036465992
2021-05-25,2021-05-26,0.03507232944255086
2021-05-26,2021-05-27,0.0534798966081886
2021-05-27,2021-05-28,0.06873508671037382
2021-05-28,2021-05-31,0.056734126625445705
2021-05-31,2021-06-01,0.05731902688933496
2021-06-01,2021-06-02,0.0664010266409365
2021-06-02,2021-06-03,0.0664010266409365
2021-06-03,2021-06-04,0.0664010266409365
2021-06-04,2021-06-07,0.0745959864566524
2021-06-07,2021-06-08,0.0695782650727068
2021-06-08,2021-06-09,0.0745959864566524
2021-06-09,2021-06-10,0.0745959864566524
2021-06-10,2021-06-11,0.0745959864566524
2021-06-11,2021-06-15,0.0745959864566524
2021-06-15,2021-06-16,0.06827742449738917
2021-06-16,2021-06-17,-0.028357303496620363
2021-06-17,2021-06-18,0.053771225241811334
2021-06-18,2021-06-21,0.0745959864566524
2021-06-21,2021-06-22,0.0745959864566524
2021-06-22,2021-06-23,0.0714187480248821
2021-06-23,2021-06-24,0.0745959864566524
2021-06-24,2021-06-25,0.0745959864566524
2021-06-25,2021-06-28,0.06609659364187886
2021-06-28,2021-06-29,0.06601982546028404
2021-06-29,2021-06-30,0.05463965079819372
2021-06-30,2021-07-01,0.02985845642011856
2021-07-01,2021-07-02,0.006622889640695902
2021-07-02,2021-07-05,0.046856159274151155
2021-07-05,2021-07-06,0.046856159274151155
2021-07-06,2021-07-07,0.05341407453115036
2021-07-07,2021-07-08,0.05341407453115036
2021-07-08,2021-07-09,0.05341407453115036
2021-07-09,2021-07-12,0.05341407453115036
2021-07-12,2021-07-13,0.05341407453115036
2021-07-13,2021-07-14,0.05341407453115036
2021-07-14,2021-07-15,0.05341407453115036
2021-07-15,2021-07-16,0.04365672774556894
2021-07-16,2021-07-19,0.04365672774556894
2021-07-19,2021-07-20,0.04365672774556894
2021-07-20,2021-07-21,0.05341407453115036
2021-07-21,2021-07-22,0.05341407453115036
2021-07-22,2021-07-23,0.05341407453115036
2021-07-23,2021-07-26,0.05341407453115036
2021-07-26,2021-07-27,0.05341407453115036
2021-07-27,2021-07-28,0.04365672774556894
2021-07-28,2021-07-29,-0.0023428166206324085
2021-07-29,2021-07-30,0.04365672774556894
2021-07-30,2021-08-02,0.024799020392497994
2021-08-02,2021-08-03,0.01386817049693527
2021-08-03,2021-08-04,0.01386817049693527
2021-08-04,2021-08-05,0.01386817049693527
2021-08-05,2021-08-06,0.01386817049693527
2021-08-06,2021-08-09,0.01386817049693527
2021-08-09,2021-08-10,0.01386817049693527
2021-08-10,2021-08-11,0.01386817049693527
2021-08-11,2021-08-12,0.01386817049693527
2021-08-12,2021-08-13,0.01386817049693527
2021-08-13,2021-08-16,0.01386817049693527
2021-08-16,2021-08-17,0.01386817049693527
2021-08-17,2021-08-18,0.01386817049693527
2021-08-18,2021-08-19,0.01386817049693527
2021-08-19,2021-08-20,0.01386817049693527
2021-08-20,2021-08-23,0.01386817049693527
2021-08-23,2021-08-24,0.01386817049693527
2021-08-24,2021-08-25,0.01386817049693527
2021-08-25,2021-08-26,0.01386817049693527
2021-08-26,2021-08-27,0.01386817049693527
2021-08-27,2021-08-30,0.0077824876035221
2021-08-30,2021-08-31,0.01386817049693527
2021-08-31,2021-09-01,0.01386817049693527
2021-09-01,2021-09-02,0.0540531582296945
2021-09-02,2021-09-03,0.0540531582296945
2021-09-03,2021-09-06,0.0540531582296945
2021-09-06,2021-09-07,0.0540531582296945
2021-09-07,2021-09-08,0.0540531582296945
2021-09-08,2021-09-09,0.0540531582296945
2021-09-09,2021-09-10,0.05768784746952379
2021-09-10,2021-09-13,0.05768784746952379
2021-09-13,2021-09-14,0.05768784746952379
2021-09-14,2021-09-15,0.05768784746952379
2021-09-15,2021-09-16,0.05768784746952379
2021-09-16,2021-09-17,0.05768784746952379
2021-09-17,2021-09-22,0.05768784746952379
2021-09-22,2021-09-23,0.05768784746952379
2021-09-23,2021-09-24,0.05768784746952379
2021-09-24,2021-09-27,0.05768784746952379
2021-09-27,2021-09-28,0.025883952556871596
2021-09-28,2021-09-29,0.017004443976140482
2021-09-29,2021-09-30,-0.018229507987844264
2021-09-30,2021-10-08,0.03917785399189524
2021-10-08,2021-10-11,0.013912725244174695
2021-10-11,2021-10-12,0.013912725244174695
2021-10-12,2021-10-13,0.013912725244174695
2021-10-13,2021-10-14,0.013912725244174695
2021-10-14,2021-10-15,0.013912725244174695
2021-10-15,2021-10-18,0.013912725244174695
2021-10-18,2021-10-19,0.013912725244174695
2021-10-19,2021-10-20,0.013912725244174695
2021-10-20,2021-10-21,0.013912725244174695
2021-10-21,2021-10-22,0.013912725244174695
2021-10-22,2021-10-25,0.013912725244174695
2021-10-25,2021-10-26,0.013912725244174695
2021-10-26,2021-10-27,0.013912725244174695
2021-10-27,2021-10-28,0.013912725244174695
2021-10-28,2021-10-29,0.013912725244174695
2021-10-29,2021-11-01,0.013912725244174695
2021-11-01,2021-11-02,0.013961118355883824
2021-11-02,2021-11-03,0.013961118355883824
2021-11-03,2021-11-04,0.013961118355883824
2021-11-04,2021-11-05,0.013961118355883824
2021-11-05,2021-11-08,0.013961118355883824
2021-11-08,2021-11-09,0.013961118355883824
2021-11-09,2021-11-10,0.013961118355883824
2021-11-10,2021-11-11,0.013961118355883824
2021-11-11,2021-11-12,0.013961118355883824
2021-11-12,2021-11-15,0.013961118355883824
2021-11-15,2021-11-16,0.013961118355883824
2021-11-16,2021-11-17,0.013961118355883824
2021-11-17,2021-11-18,0.013961118355883824
2021-11-18,2021-11-19,0.013961118355883824
2021-11-19,2021-11-22,0.013961118355883824
2021-11-22,2021-11-23,0.013961118355883824
2021-11-23,2021-11-24,0.013961118355883824
2021-11-24,2021-11-25,0.013961118355883824
2021-11-25,2021-11-26,0.013961118355883824
2021-11-26,2021-11-29,0.013961118355883824
2021-11-29,2021-11-30,0.013961118355883824
2021-11-30,2021-12-01,0.00572618694473821
2021-12-01,2021-12-02,0.013996231459068474
2021-12-02,2021-12-03,0.013996231459068474
2021-12-03,2021-12-06,0.013996231459068474
2021-12-06,2021-12-07,0.013996231459068474
2021-12-07,2021-12-08,0.013996231459068474
2021-12-08,2021-12-09,0.013996231459068474
2021-12-09,2021-12-10,0.007500755917095148
2021-12-10,2021-12-13,0.007500755917095148
2021-12-13,2021-12-14,0.007500755917095148
2021-12-14,2021-12-15,0.007500755917095148
2021-12-15,2021-12-16,0.007500755917095148
2021-12-16,2021-12-17,0.007500755917095148
2021-12-17,2021-12-20,0.007500755917095148
2021-12-20,2021-12-21,0.0057410454775335025
2021-12-21,2021-12-22,0.0002842227815819578
2021-12-22,2021-12-23,0.007500755917095148
2021-12-23,2021-12-24,0.007500755917095148
2021-12-24,2021-12-27,0.007500755917095148
2021-12-27,2021-12-28,0.007500755917095148
2021-12-28,2021-12-29,0.007500755917095148
2021-12-29,2021-12-30,0.007500755917095148
2021-12-30,2021-12-31,0.007500755917095148
2021-12-31,2022-01-04,0.007500755917095148
2022-01-04,2022-01-05,0.007647300232468757
2022-01-05,2022-01-06,0.007647300232468757
2022-01-06,2022-01-07,0.007647300232468757
2022-01-07,2022-01-10,0.0040450511313563624
2022-01-10,2022-01-11,0.014207150625865294
2022-01-11,2022-01-12,0.014207150625865294
2022-01-12,2022-01-13,0.014207150625865294
2022-01-13,2022-01-14,0.0040450511313563624
2022-01-14,2022-01-17,0.007443903541021065
2022-01-17,2022-01-18,0.007443903541021065
2022-01-18,2022-01-19,0.007443903541021065
2022-01-19,2022-01-20,0.007443903541021065
2022-01-20,2022-01-21,0.014207150625865294
2022-01-21,2022-01-24,0.0040450511313563624
2022-01-24,2022-01-25,0.0040450511313563624
2022-01-25,2022-01-26,0.008930036913809447
2022-01-26,2022-01-27,0.0040450511313563624
2022-01-27,2022-01-28,0.0040450511313563624
2022-01-28,2022-02-07,0.014207150625865294
2022-02-07,2022-02-08,0.01410645970120818
2022-02-08,2022-02-09,0.01410645970120818
2022-02-09,2022-02-10,0.01410645970120818
2022-02-10,2022-02-11,0.01410645970120818
2022-02-11,2022-02-14,0.0036117336752106307
2022-02-14,2022-02-15,0.0036117336752106307
2022-02-15,2022-02-16,0.01410645970120818
2022-02-16,2022-02-17,0.01410645970120818
2022-02-17,2022-02-18,0.01410645970120818
2022-02-18,2022-02-21,0.01410645970120818
2022-02-21,2022-02-22,0.01410645970120818
2022-02-22,2022-02-23,0.01410645970120818
2022-02-23,2022-02-24,0.01410645970120818
2022-02-24,2022-02-25,0.01410645970120818
2022-02-25,2022-02-28,0.01410645970120818
2022-02-28,2022-03-01,0.01410645970120818
2022-03-01,2022-03-02,0.014169416801603059
2022-03-02,2022-03-03,0.014169416801603059
2022-03-03,2022-03-04,0.014169416801603059
2022-03-04,2022-03-07,0.014169416801603059
2022-03-07,2022-03-08,0.003711443221356779
2022-03-08,2022-03-09,0.003711443221356779
2022-03-09,2022-03-10,0.014169416801603059
2022-03-10,2022-03-11,0.014169416801603059
2022-03-11,2022-03-14,0.014169416801603059
2022-03-14,2022-03-15,0.014169416801603059
2022-03-15,2022-03-16,0.003711443221356779
2022-03-16,2022-03-17,0.003711443221356779
2022-03-17,2022-03-18,0.014169416801603059
2022-03-18,2022-03-21,0.014169416801603059
2022-03-21,2022-03-22,0.014169416801603059
2022-03-22,2022-03-23,0.014169416801603059
2022-03-23,2022-03-24,0.014169416801603059
2022-03-24,2022-03-25,0.014169416801603059
2022-03-25,2022-03-28,0.003711443221356779
2022-03-28,2022-03-29,0.003711443221356779
2022-03-29,2022-03-30,0.003711443221356779
2022-03-30,2022-03-31,0.014169416801603059
2022-03-31,2022-04-01,0.014169416801603059
2022-04-01,2022-04-06,0.013799476949755819
2022-04-06,2022-04-07,0.013799476949755819
2022-04-07,2022-04-08,0.013799476949755819
2022-04-08,2022-04-11,0.013799476949755819
2022-04-11,2022-04-12,0.013799476949755819
2022-04-12,2022-04-13,0.013799476949755819
2022-04-13,2022-04-14,0.013799476949755819
2022-04-14,2022-04-15,0.013799476949755819
2022-04-15,2022-04-18,0.013799476949755819
2022-04-18,2022-04-19,0.013799476949755819
2022-04-19,2022-04-20,0.007245722052784582
2022-04-20,2022-04-21,0.007245722052784582
2022-04-21,2022-04-22,0.007245722052784582
2022-04-22,2022-04-25,0.00036535160168982804
2022-04-25,2022-04-26,0.003627611030545554
2022-04-26,2022-04-27,0.003627611030545554
2022-04-27,2022-04-28,0.013799476949755819
2022-04-28,2022-04-29,0.013799476949755819
2022-04-29,2022-05-05,0.013799476949755819
2022-05-05,2022-05-06,0.022215336473701334
2022-05-06,2022-05-09,0.022215336473701334
2022-05-09,2022-05-10,0.022215336473701334
2022-05-10,2022-05-11,0.022215336473701334
2022-05-11,2022-05-12,0.022215336473701334
2022-05-12,2022-05-13,0.022215336473701334
2022-05-13,2022-05-16,0.022215336473701334
2022-05-16,2022-05-17,0.022215336473701334
2022-05-17,2022-05-18,0.022215336473701334
2022-05-18,2022-05-19,0.015873319296595342
2022-05-19,2022-05-20,0.015873319296595342
2022-05-20,2022-05-23,0.022215336473701334
2022-05-23,2022-05-24,0.022215336473701334
2022-05-24,2022-05-25,0.022215336473701334
2022-05-25,2022-05-26,0.022215336473701334
2022-05-26,2022-05-27,0.022215336473701334
2022-05-27,2022-05-30,0.022215336473701334
2022-05-30,2022-05-31,0.022215336473701334
2022-05-31,2022-06-01,0.022215336473701334
2022-06-01,2022-06-02,0.013984934597161052
2022-06-02,2022-06-06,0.013984934597161052
2022-06-06,2022-06-07,0.013984934597161052
2022-06-07,2022-06-08,0.013984934597161052
2022-06-08,2022-06-09,0.013984934597161052
2022-06-09,2022-06-10,0.013984934597161052
2022-06-10,2022-06-13,0.013984934597161052
2022-06-13,2022-06-14,0.013984934597161052
2022-06-14,2022-06-15,0.008198548964347881
2022-06-15,2022-06-16,0.00012448409591190278
2022-06-16,2022-06-17,0.013984934597161052
2022-06-17,2022-06-20,0.013984934597161052
2022-06-20,2022-06-21,0.006452533606284849
2022-06-21,2022-06-22,0.006452533606284849
2022-06-22,2022-06-23,0.006452533606284849
2022-06-23,2022-06-24,0.006452533606284849
2022-06-24,2022-06-27,0.006452533606284849
2022-06-27,2022-06-28,0.006452533606284849
2022-06-28,2022-06-29,0.006452533606284849
2022-06-29,2022-06-30,0.006452533606284849
2022-06-30,2022-07-01,0.006452533606284849
2022-07-01,2022-07-04,0.006419632433442329
2022-07-04,2022-07-05,0.013933394533557127
2022-07-05,2022-07-06,0.013933394533557127
2022-07-06,2022-07-07,0.013933394533557127
2022-07-07,2022-07-08,0.013933394533557127
2022-07-08,2022-07-11,0.007717971000603191
2022-07-11,2022-07-12,0.00015850538286175074
2022-07-12,2022-07-13,0.00015850538286175074
2022-07-13,2022-07-14,0.00015850538286175074
2022-07-14,2022-07-15,0.013933394533557127
2022-07-15,2022-07-18,0.013933394533557127
2022-07-18,2022-07-19,0.013933394533557127
2022-07-19,2022-07-20,0.013933394533557127
2022-07-20,2022-07-21,0.013933394533557127
2022-07-21,2022-07-22,0.013933394533557127
2022-07-22,2022-07-25,0.013933394533557127
2022-07-25,2022-07-26,0.013933394533557127
2022-07-26,2022-07-27,0.013933394533557127
2022-07-27,2022-07-28,0.013933394533557127
2022-07-28,2022-07-29,0.013933394533557127
2022-07-29,2022-08-01,0.013933394533557127
2022-08-01,2022-08-02,0.021965779715035175
2022-08-02,2022-08-03,0.021965779715035175
2022-08-03,2022-08-04,0.021965779715035175
2022-08-04,2022-08-05,0.021965779715035175
2022-08-05,2022-08-08,0.021965779715035175
2022-08-08,2022-08-09,0.021965779715035175
2022-08-09,2022-08-10,0.021965779715035175
2022-08-10,2022-08-11,0.021965779715035175
2022-08-11,2022-08-12,0.021965779715035175
2022-08-12,2022-08-15,0.021965779715035175
2022-08-15,2022-08-16,0.021965779715035175
2022-08-16,2022-08-17,0.021965779715035175
2022-08-17,2022-08-18,0.021965779715035175
2022-08-18,2022-08-19,0.021965779715035175
2022-08-19,2022-08-22,0.021965779715035175
2022-08-22,2022-08-23,0.021965779715035175
2022-08-23,2022-08-24,0.021965779715035175
2022-08-24,2022-08-25,0.021965779715035175
2022-08-25,2022-08-26,0.021965779715035175
2022-08-26,2022-08-29,0.015067394048116562
2022-08-29,2022-08-30,0.015067394048116562
2022-08-30,2022-08-31,0.004215635487274043
2022-08-31,2022-09-01,0.009161701815166796
2022-09-01,2022-09-02,-0.006168227010706314
2022-09-02,2022-09-05,0.026889545539640698
2022-09-05,2022-09-06,0.04264825273560932
2022-09-06,2022-09-07,0.06444940080210446
2022-09-07,2022-09-08,0.07484506245698223
2022-09-08,2022-09-09,0.06444940080210446
2022-09-09,2022-09-13,0.06847236236816848
2022-09-13,2022-09-14,0.06847236236816848
2022-09-14,2022-09-15,0.06847236236816848
2022-09-15,2022-09-16,-0.011064578315562679
2022-09-16,2022-09-19,0.02334344448534088
2022-09-19,2022-09-20,-0.004919166365362931
2022-09-20,2022-09-21,0.05970288007302035
2022-09-21,2022-09-22,0.05970288007302035
2022-09-22,2022-09-23,0.05970288007302035
2022-09-23,2022-09-26,-0.025997045598715216
2022-09-26,2022-09-27,0.04343488182907332
2022-09-27,2022-09-28,0.05970288007302035
2022-09-28,2022-09-29,0.05394234941393043
2022-09-29,2022-09-30,0.05970288007302035
2022-09-30,2022-10-10,0.053816102452535396
2022-10-10,2022-10-11,-0.011704523499071352
2022-10-11,2022-10-12,-0.05644336652545803
2022-10-12,2022-10-13,0.06270647844569284
2022-10-13,2022-10-14,0.056459410458156854
2022-10-14,2022-10-17,0.06720586785265396
2022-10-17,2022-10-18,0.06720586785265396
2022-10-18,2022-10-19,0.06720586785265396
2022-10-19,2022-10-20,0.07197736559715734
2022-10-20,2022-10-21,0.07197736559715734
2022-10-21,2022-10-24,0.07197736559715734
2022-10-24,2022-10-25,0.05449430677420822
2022-10-25,2022-10-26,0.07197736559715734
2022-10-26,2022-10-27,0.07197736559715734
2022-10-27,2022-10-28,0.07197736559715734
2022-10-28,2022-10-31,0.07197736559715734
2022-10-31,2022-11-01,0.07197736559715734
2022-11-01,2022-11-02,0.06768603560284814
2022-11-02,2022-11-03,0.06768603560284814
2022-11-03,2022-11-04,0.06768603560284814
2022-11-04,2022-11-07,0.06768603560284814
2022-11-07,2022-11-08,0.06768603560284814
2022-11-08,2022-11-09,0.06768603560284814
2022-11-09,2022-11-10,0.06768603560284814
2022-11-10,2022-11-11,0.060231914130524776
2022-11-11,2022-11-14,0.03485842400979974
2022-11-14,2022-11-15,0.040792855603166554
2022-11-15,2022-11-16,0.06768603560284814
2022-11-16,2022-11-17,0.06768603560284814
2022-11-17,2022-11-18,0.06768603560284814
2022-11-18,2022-11-21,0.06768603560284814
2022-11-21,2022-11-22,0.06768603560284814
2022-11-22,2022-11-23,0.004919379455843035
2022-11-23,2022-11-24,0.008016146700294673
2022-11-24,2022-11-25,0.06175160400948133
2022-11-25,2022-11-28,-0.05440939206864788
2022-11-28,2022-11-29,-0.017282610683210076
2022-11-29,2022-11-30,-0.029314054088477783
2022-11-30,2022-12-01,0.012320711822366333
2022-12-01,2022-12-02,0.014337239939782379
2022-12-02,2022-12-05,0.014337239939782379
2022-12-05,2022-12-06,0.031498605127278916
2022-12-06,2022-12-07,0.025097042711084386
2022-12-07,2022-12-08,0.025097042711084386
2022-12-08,2022-12-09,0.02020994028980568
2022-12-09,2022-12-12,0.031498605127278916
2022-12-12,2022-12-13,0.03079461989928768
2022-12-13,2022-12-14,0.026063242560394842
2022-12-14,2022-12-15,0.017162471638824978
2022-12-15,2022-12-16,0.05707476111973903
2022-12-16,2022-12-19,0.017235060271951284
2022-12-19,2022-12-20,0.04696877517805891
2022-12-20,2022-12-21,0.03496578444493747
2022-12-21,2022-12-22,0.024486736690147413
2022-12-22,2022-12-23,0.017162471638824978
2022-12-23,2022-12-26,0.04696877517805891
2022-12-26,2022-12-27,0.0650560405374517
2022-12-27,2022-12-28,0.06108405522338021
2022-12-28,2022-12-29,0.05662893812445012
2022-12-29,2022-12-30,0.046149890369660065
2022-12-30,2023-01-03,0.06435205530946048
2023-01-03,2023-01-04,0.06764151319009647
2023-01-04,2023-01-05,-0.007410436027600712
2023-01-05,2023-01-06,0.07218797439594694
2023-01-06,2023-01-09,0.06311613087322712
2023-01-09,2023-01-10,0.06311613087322712
2023-01-10,2023-01-11,0.06311613087322712
2023-01-11,2023-01-12,0.06311613087322712
2023-01-12,2023-01-13,0.06311613087322712
2023-01-13,2023-01-16,0.059120971671431065
2023-01-16,2023-01-17,0.07773420092214983
2023-01-17,2023-01-18,0.07773420092214983
2023-01-18,2023-01-19,0.07773420092214983
2023-01-19,2023-01-20,0.07773420092214983
2023-01-20,2023-01-30,0.07773420092214983
2023-01-30,2023-01-31,0.07773420092214983
2023-01-31,2023-02-01,0.07773420092214983
2023-02-01,2023-02-02,0.078578609942907
2023-02-02,2023-02-03,0.078578609942907
2023-02-03,2023-02-06,0.070823168123826
2023-02-06,2023-02-07,0.070823168123826
2023-02-07,2023-02-08,0.070823168123826
2023-02-08,2023-02-09,0.070823168123826
2023-02-09,2023-02-10,0.070823168123826
2023-02-10,2023-02-13,0.05607822679711679
2023-02-13,2023-02-14,0.070823168123826
2023-02-14,2023-02-15,0.070823168123826
2023-02-15,2023-02-16,0.070823168123826
2023-02-16,2023-02-17,0.04832278497803579
2023-02-17,2023-02-20,0.06640355439781798
2023-02-20,2023-02-21,0.07415899621689898
2023-02-21,2023-02-22,0.078578609942907
2023-02-22,2023-02-23,0.070823168123826
2023-02-23,2023-02-24,0.078578609942907
2023-02-24,2023-02-27,0.070823168123826
2023-02-27,2023-02-28,0.070823168123826
2023-02-28,2023-03-01,0.070823168123826
2023-03-01,2023-03-02,0.08297463567314177
2023-03-02,2023-03-03,0.06833042142571824
2023-03-03,2023-03-06,0.06790915697701985
2023-03-06,2023-03-07,0.08297463567314177
2023-03-07,2023-03-08,-0.040007889903939275
2023-03-08,2023-03-09,0.057110288741066266
2023-03-09,2023-03-10,-0.001074626497687726
2023-03-10,2023-03-13,0.06587369786999059
2023-03-13,2023-03-14,0.0666567795056222
2023-03-14,2023-03-15,0.0666567795056222
2023-03-15,2023-03-16,0.0666567795056222
2023-03-16,2023-03-17,0.07036955900889082
2023-03-17,2023-03-20,0.0745840203558036
2023-03-20,2023-03-21,0.07036955900889082
2023-03-21,2023-03-22,0.0666567795056222
2023-03-22,2023-03-23,0.0666567795056222
2023-03-23,2023-03-24,0.06403570848881486
2023-03-24,2023-03-27,0.06403570848881486
2023-03-27,2023-03-28,0.06403570848881486
2023-03-28,2023-03-29,0.0666567795056222
2023-03-29,2023-03-30,0.06403570848881486
2023-03-30,2023-03-31,0.06403570848881486
2023-03-31,2023-04-03,0.06403570848881486
2023-04-03,2023-04-04,0.0266334978664257
2023-04-04,2023-04-06,0.03106149803817966
2023-04-06,2023-04-07,0.03106149803817966
2023-04-07,2023-04-10,0.03106149803817966
2023-04-10,2023-04-11,0.0266334978664257
2023-04-11,2023-04-12,0.0266334978664257
2023-04-12,2023-04-13,0.0266334978664257
2023-04-13,2023-04-14,0.018315502369366733
2023-04-14,2023-04-17,0.0266334978664257
2023-04-17,2023-04-18,0.0266334978664257
2023-04-18,2023-04-19,0.0266334978664257
2023-04-19,2023-04-20,0.019362019116100818
2023-04-20,2023-04-21,0.007194258107685226
2023-04-21,2023-04-24,0.0031247362414041045
2023-04-24,2023-04-25,-0.0033763707014037954
2023-04-25,2023-04-26,0.0031247362414041045
2023-04-26,2023-04-27,0.0031247362414041045
2023-04-27,2023-04-28,0.03106149803817966
2023-04-28,2023-05-04,0.0266334978664257
2023-05-04,2023-05-05,0.003282597959840176
2023-05-05,2023-05-08,0.003282597959840176
2023-05-08,2023-05-09,-0.002445308913541279
2023-05-09,2023-05-10,-0.002445308913541279
2023-05-10,2023-05-11,0.010373562184588972
2023-05-11,2023-05-12,0.010373562184588972
2023-05-12,2023-05-15,0.010373562184588972
2023-05-15,2023-05-16,0.010373562184588972
2023-05-16,2023-05-17,0.010373562184588972
2023-05-17,2023-05-18,0.010373562184588972
2023-05-18,2023-05-19,0.010373562184588972
2023-05-19,2023-05-22,0.010373562184588972
2023-05-22,2023-05-23,0.010373562184588972
2023-05-23,2023-05-24,0.010373562184588972
2023-05-24,2023-05-25,0.010373562184588972
2023-05-25,2023-05-26,0.010373562184588972
2023-05-26,2023-05-29,0.018825352374690747
2023-05-29,2023-05-30,0.018825352374690747
2023-05-30,2023-05-31,0.018825352374690747
2023-05-31,2023-06-01,0.026407349615401275
2023-06-01,2023-06-02,0.05341592235727464
2023-06-02,2023-06-05,0.05341592235727464
2023-06-05,2023-06-06,0.049071446311568186
2023-06-06,2023-06-07,0.05816682450886702
2023-06-07,2023-06-08,0.0013854287564185534
2023-06-08,2023-06-09,-0.011750995809814665
2023-06-09,2023-06-12,0.05654629387749464
2023-06-12,2023-06-13,0.05816682450886702
2023-06-13,2023-06-14,0.062050339429304734
2023-06-14,2023-06-15,0.06422272770350565
2023-06-15,2023-06-16,0.06422272770350565
2023-06-16,2023-06-19,0.06422272770350565
2023-06-19,2023-06-20,0.06422272770350565
2023-06-20,2023-06-21,0.06046785056504502
2023-06-21,2023-06-26,0.004208696983851937
2023-06-26,2023-06-27,-0.0017563096932268988
2023-06-27,2023-06-28,0.058257721026426824
2023-06-28,2023-06-29,0.058257721026426824
2023-06-29,2023-06-30,0.06885452179216534
2023-06-30,2023-07-03,0.06497100687172763
2023-07-03,2023-07-04,0.03039000644453271
2023-07-04,2023-07-05,0.03039000644453271
2023-07-05,2023-07-06,0.03039000644453271
2023-07-06,2023-07-07,0.03039000644453271
2023-07-07,2023-07-10,0.0016024432595580817
2023-07-10,2023-07-11,0.03039000644453271
2023-07-11,2023-07-12,0.03039000644453271
2023-07-12,2023-07-13,0.03039000644453271
2023-07-13,2023-07-14,0.03039000644453271
2023-07-14,2023-07-17,0.03039000644453271
2023-07-17,2023-07-18,0.03039000644453271
2023-07-18,2023-07-19,0.03039000644453271
2023-07-19,2023-07-20,0.03039000644453271
2023-07-20,2023-07-21,0.03039000644453271
2023-07-21,2023-07-24,0.0016024432595580817
2023-07-24,2023-07-25,0.03039000644453271
2023-07-25,2023-07-26,0.0016024432595580817
2023-07-26,2023-07-27,0.019548780073740925
2023-07-27,2023-07-28,-0.026291971760618035
2023-07-28,2023-07-31,-0.026291971760618035
2023-07-31,2023-08-01,-0.0019533639716656334
2023-08-01,2023-08-02,-0.0007589745922838241
2023-08-02,2023-08-03,0.020595390223161317
2023-08-03,2023-08-04,0.020595390223161317
2023-08-04,2023-08-07,-0.008045853701658601
2023-08-07,2023-08-08,0.020256159943346994
2023-08-08,2023-08-09,0.01228235014750896
2023-08-09,2023-08-10,0.01228235014750896
2023-08-10,2023-08-11,0.01228235014750896
2023-08-11,2023-08-14,0.020256159943346994
2023-08-14,2023-08-15,-0.016019663497496638
2023-08-15,2023-08-16,-0.0012660449206834522
2023-08-16,2023-08-17,-0.007514046482218871
2023-08-17,2023-08-18,0.01228235014750896
2023-08-18,2023-08-21,-0.011980838775098203
2023-08-21,2023-08-22,0.01228235014750896
2023-08-22,2023-08-23,0.01228235014750896
2023-08-23,2023-08-24,-0.0057328372135627866
2023-08-24,2023-08-25,-0.008045853701658601
2023-08-25,2023-08-28,-0.012490608786412446
2023-08-28,2023-08-29,-0.012490608786412446
2023-08-29,2023-08-30,0.008105533546546148
2023-08-30,2023-08-31,0.020256159943346994
2023-08-31,2023-09-01,0.020256159943346994
2023-09-01,2023-09-04,0.01471687467319642
2023-09-04,2023-09-05,0.01471687467319642
2023-09-05,2023-09-06,0.01471687467319642
2023-09-06,2023-09-07,0.01471687467319642
2023-09-07,2023-09-08,0.01471687467319642
2023-09-08,2023-09-11,0.01471687467319642
2023-09-11,2023-09-12,0.01471687467319642
2023-09-12,2023-09-13,0.01471687467319642
2023-09-13,2023-09-14,0.01471687467319642
2023-09-14,2023-09-15,0.01471687467319642
2023-09-15,2023-09-18,0.01471687467319642
2023-09-18,2023-09-19,0.01471687467319642
2023-09-19,2023-09-20,0.01471687467319642
2023-09-20,2023-09-21,0.0038724896894571695
2023-09-21,2023-09-22,0.0038724896894571695
2023-09-22,2023-09-25,0.01471687467319642
2023-09-25,2023-09-26,0.0038724896894571695
2023-09-26,2023-09-27,0.01471687467319642
2023-09-27,2023-09-28,0.01471687467319642
2023-09-28,2023-10-09,0.01471687467319642
2023-10-09,2023-10-10,0.01474925503149386
2023-10-10,2023-10-11,0.01474925503149386
2023-10-11,2023-10-12,0.01474925503149386
2023-10-12,2023-10-13,0.01474925503149386
2023-10-13,2023-10-16,0.01474925503149386
2023-10-16,2023-10-17,0.0038415797137533072
2023-10-17,2023-10-18,0.01474925503149386
2023-10-18,2023-10-19,0.01474925503149386
2023-10-19,2023-10-20,0.01474925503149386
2023-10-20,2023-10-23,0.0038415797137533072
2023-10-23,2023-10-24,0.01474925503149386
2023-10-24,2023-10-25,0.01474925503149386
2023-10-25,2023-10-26,0.01474925503149386
2023-10-26,2023-10-27,0.01474925503149386
2023-10-27,2023-10-30,0.01474925503149386
2023-10-30,2023-10-31,0.009213989769888952
2023-10-31,2023-11-01,0.01474925503149386
2023-11-01,2023-11-02,0.014702189510490366
2023-11-02,2023-11-03,0.014702189510490366
2023-11-03,2023-11-06,0.014702189510490366
2023-11-06,2023-11-07,0.014702189510490366
2023-11-07,2023-11-08,0.014702189510490366
2023-11-08,2023-11-09,0.014702189510490366
2023-11-09,2023-11-10,0.014702189510490366
2023-11-10,2023-11-13,0.014702189510490366
2023-11-13,2023-11-14,0.014702189510490366
2023-11-14,2023-11-15,0.014702189510490366
2023-11-15,2023-11-16,0.014702189510490366
2023-11-16,2023-11-17,0.014702189510490366
2023-11-17,2023-11-20,0.014702189510490366
2023-11-20,2023-11-21,0.014702189510490366
2023-11-21,2023-11-22,0.014702189510490366
2023-11-22,2023-11-23,0.014702189510490366
2023-11-23,2023-11-24,0.014702189510490366
2023-11-24,2023-11-27,0.014702189510490366
2023-11-27,2023-11-28,0.014702189510490366
2023-11-28,2023-11-29,0.014702189510490366
2023-11-29,2023-11-30,0.014702189510490366
2023-11-30,2023-12-01,0.014702189510490366
2023-12-01,2023-12-04,0.05061161147832723
2023-12-04,2023-12-05,0.05061161147832723
2023-12-05,2023-12-06,-0.003947008403806389
2023-12-06,2023-12-07,0.05061161147832723
2023-12-07,2023-12-08,0.05061161147832723
2023-12-08,2023-12-11,0.05061161147832723
2023-12-11,2023-12-12,0.05061161147832723
2023-12-12,2023-12-13,0.05440941553977562
2023-12-13,2023-12-14,0.05440941553977562
2023-12-14,2023-12-15,0.05440941553977562
2023-12-15,2023-12-18,0.03687012025475056
2023-12-18,2023-12-19,-0.007767926599220486
2023-12-19,2023-12-20,0.05440941553977562
2023-12-20,2023-12-21,0.04671876050840647
2023-12-21,2023-12-22,0.05051656456985486
2023-12-22,2023-12-25,0.05061161147832723
2023-12-25,2023-12-26,0.04671876050840647
2023-12-26,2023-12-27,0.04671876050840647
2023-12-27,2023-12-28,0.04671876050840647
2023-12-28,2023-12-29,0.05051656456985486
2023-12-29,2024-01-02,0.0507990146918747
2024-01-02,2024-01-03,0.01402458574023801
2024-01-03,2024-01-04,0.01402458574023801
2024-01-04,2024-01-05,0.01402458574023801
2024-01-05,2024-01-08,-0.006082797459102004
2024-01-08,2024-01-09,0.004750945293756785
2024-01-09,2024-01-10,0.004750945293756785
2024-01-10,2024-01-11,0.004750945293756785
2024-01-11,2024-01-12,0.01402458574023801
2024-01-12,2024-01-15,0.01402458574023801
2024-01-15,2024-01-16,0.004750945293756785
2024-01-16,2024-01-17,0.004750945293756785
2024-01-17,2024-01-18,0.004750945293756785
2024-01-18,2024-01-19,0.01402458574023801
2024-01-19,2024-01-22,0.004750945293756785
2024-01-22,2024-01-23,0.004750945293756785
2024-01-23,2024-01-24,0.004750945293756785
2024-01-24,2024-01-25,0.006831135645688143
2024-01-25,2024-01-26,0.01402458574023801
2024-01-26,2024-01-29,0.006831135645688143
2024-01-29,2024-01-30,-0.00018108336117417592
2024-01-30,2024-01-31,-0.00018108336117417592
2024-01-31,2024-02-01,-0.00018108336117417592
2024-02-01,2024-02-02,-0.0001943016043343005
2024-02-02,2024-02-05,-0.0001943016043343005
2024-02-05,2024-02-06,0.014004321143593946
2024-02-06,2024-02-07,0.006800699422999059
2024-02-07,2024-02-08,0.006800699422999059
2024-02-08,2024-02-19,0.006800699422999059
2024-02-19,2024-02-20,0.006800699422999059
2024-02-20,2024-02-21,0.006800699422999059
2024-02-21,2024-02-22,0.006800699422999059
2024-02-22,2024-02-23,0.006800699422999059
2024-02-23,2024-02-26,0.006800699422999059
2024-02-26,2024-02-27,0.006800699422999059
2024-02-27,2024-02-28,0.006800699422999059
2024-02-28,2024-02-29,0.006800699422999059
2024-02-29,2024-03-01,0.006800699422999059
2024-03-01,2024-03-04,0.007571324526385372
2024-03-04,2024-03-05,0.019585021111318855
2024-03-05,2024-03-06,0.019585021111318855
2024-03-06,2024-03-07,0.019585021111318855
2024-03-07,2024-03-08,0.002611220014566038
2024-03-08,2024-03-11,0.019585021111318855
2024-03-11,2024-03-12,0.029565641259264953
2024-03-12,2024-03-13,0.029565641259264953
2024-03-13,2024-03-14,0.029565641259264953
2024-03-14,2024-03-15,0.029565641259264953
2024-03-15,2024-03-18,0.029565641259264953
2024-03-18,2024-03-19,0.029565641259264953
2024-03-19,2024-03-20,0.029565641259264953
2024-03-20,2024-03-21,0.029565641259264953
2024-03-21,2024-03-22,0.029565641259264953
2024-03-22,2024-03-25,-0.002402060056425783
2024-03-25,2024-03-26,-0.002402060056425783
2024-03-26,2024-03-27,0.020192880090266888
2024-03-27,2024-03-28,-0.002402060056425783
2024-03-28,2024-03-29,0.029565641259264953
2024-03-29,2024-04-01,0.029565641259264953
2024-04-01,2024-04-02,0.013946243191915474
2024-04-02,2024-04-03,0.013946243191915474
2024-04-03,2024-04-08,0.013946243191915474
2024-04-08,2024-04-09,0.013946243191915474
2024-04-09,2024-04-10,0.008270362476781526
2024-04-10,2024-04-11,0.008270362476781526
2024-04-11,2024-04-12,0.008270362476781526
2024-04-12,2024-04-15,0.008270362476781526
2024-04-15,2024-04-16,0.008270362476781526
2024-04-16,2024-04-17,0.008270362476781526
2024-04-17,2024-04-18,0.008270362476781526
2024-04-18,2024-04-19,0.008270362476781526
2024-04-19,2024-04-22,0.008270362476781526
2024-04-22,2024-04-23,0.008270362476781526
2024-04-23,2024-04-24,0.008270362476781526
2024-04-24,2024-04-25,0.008270362476781526
2024-04-25,2024-04-26,0.008270362476781526
2024-04-26,2024-04-29,0.013946243191915474
2024-04-29,2024-04-30,0.013946243191915474
2024-04-30,2024-05-06,0.013946243191915474
2024-05-06,2024-05-07,0.013912937452285945
2024-05-07,2024-05-08,0.013912937452285945
2024-05-08,2024-05-09,0.013912937452285945
2024-05-09,2024-05-10,0.013912937452285945
2024-05-10,2024-05-13,0.013912937452285945
2024-05-13,2024-05-14,0.013912937452285945
2024-05-14,2024-05-15,0.013912937452285945
2024-05-15,2024-05-16,0.004694489576644567
2024-05-16,2024-05-17,0.004694489576644567
2024-05-17,2024-05-20,0.004694489576644567
2024-05-20,2024-05-21,0.006846943539145832
2024-05-21,2024-05-22,0.006846943539145832
2024-05-22,2024-05-23,0.006846943539145832
2024-05-23,2024-05-24,0.013912937452285945
2024-05-24,2024-05-27,0.004694489576644567
2024-05-27,2024-05-28,0.013912937452285945
2024-05-28,2024-05-29,0.013912937452285945
2024-05-29,2024-05-30,0.013912937452285945
2024-05-30,2024-05-31,0.013912937452285945
2024-05-31,2024-06-03,0.013912937452285945
2024-06-03,2024-06-04,0.028179918658326003
2024-06-04,2024-06-05,0.028179918658326003
2024-06-05,2024-06-06,0.028179918658326003
2024-06-06,2024-06-07,0.028179918658326003
2024-06-07,2024-06-11,0.03549037752196438
2024-06-11,2024-06-12,0.028179918658326003
2024-06-12,2024-06-13,0.028179918658326003
2024-06-13,2024-06-14,0.028179918658326003
2024-06-14,2024-06-17,0.03549037752196438
2024-06-17,2024-06-18,0.03549037752196438
2024-06-18,2024-06-19,0.024913816099171752
2024-06-19,2024-06-20,0.01957743686762378
2024-06-20,2024-06-21,0.024913816099171752
2024-06-21,2024-06-24,0.024913816099171752
2024-06-24,2024-06-25,0.03549037752196438
2024-06-25,2024-06-26,0.028179918658326003
2024-06-26,2024-06-27,0.028179918658326003
2024-06-27,2024-06-28,0.03549037752196438
2024-06-28,2024-07-01,0.028179918658326003
2024-07-01,2024-07-02,0.013955875830491727
2024-07-02,2024-07-03,0.004803882146566447
2024-07-03,2024-07-04,0.004803882146566447
2024-07-04,2024-07-05,0.004803882146566447
2024-07-05,2024-07-08,0.013955875830491727
2024-07-08,2024-07-09,0.013955875830491727
2024-07-09,2024-07-10,0.013955875830491727
2024-07-10,2024-07-11,0.013955875830491727
2024-07-11,2024-07-12,0.013955875830491727
2024-07-12,2024-07-15,0.013955875830491727
2024-07-15,2024-07-16,0.013955875830491727
2024-07-16,2024-07-17,0.013955875830491727
2024-07-17,2024-07-18,0.013955875830491727
2024-07-18,2024-07-19,0.013955875830491727
2024-07-19,2024-07-22,0.013955875830491727
2024-07-22,2024-07-23,0.013955875830491727
2024-07-23,2024-07-24,0.004803882146566447
2024-07-24,2024-07-25,0.004803882146566447
2024-07-25,2024-07-26,0.013955875830491727
2024-07-26,2024-07-29,0.013955875830491727
2024-07-29,2024-07-30,0.013955875830491727
2024-07-30,2024-07-31,0.013955875830491727
2024-07-31,2024-08-01,0.013955875830491727
2024-08-01,2024-08-02,0.013944994725044985
2024-08-02,2024-08-05,0.013944994725044985
2024-08-05,2024-08-06,0.013944994725044985
2024-08-06,2024-08-07,0.013944994725044985
2024-08-07,2024-08-08,0.013944994725044985
2024-08-08,2024-08-09,0.013944994725044985
2024-08-09,2024-08-12,0.004809778541922617
2024-08-12,2024-08-13,0.013944994725044985
2024-08-13,2024-08-14,0.013944994725044985
2024-08-14,2024-08-15,0.013944994725044985
2024-08-15,2024-08-16,0.006793933478053292
2024-08-16,2024-08-19,0.004809778541922617
2024-08-19,2024-08-20,-0.005793471147493979
2024-08-20,2024-08-21,4.183101933452702e-05
2024-08-21,2024-08-22,0.006793933478053292
2024-08-22,2024-08-23,4.183101933452702e-05
2024-08-23,2024-08-26,0.006793933478053292
2024-08-26,2024-08-27,0.006793933478053292
2024-08-27,2024-08-28,0.006793933478053292
2024-08-28,2024-08-29,0.006793933478053292
2024-08-29,2024-08-30,0.006793933478053292
2024-08-30,2024-09-02,0.006793933478053292
2024-09-02,2024-09-03,0.006809580464164095
2024-09-03,2024-09-04,0.013867475240378365
2024-09-04,2024-09-05,0.013867475240378365
2024-09-05,2024-09-06,0.013867475240378365
2024-09-06,2024-09-09,0.013867475240378365
2024-09-09,2024-09-10,0.013867475240378365
2024-09-10,2024-09-11,0.013867475240378365
2024-09-11,2024-09-12,0.013867475240378365
2024-09-12,2024-09-13,0.013867475240378365
2024-09-13,2024-09-18,0.013867475240378365
2024-09-18,2024-09-19,0.013867475240378365
2024-09-19,2024-09-20,0.013867475240378365
2024-09-20,2024-09-23,0.013867475240378365
2024-09-23,2024-09-24,0.013867475240378365
2024-09-24,2024-09-25,0.013867475240378365
2024-09-25,2024-09-26,-0.005702541976292396
2024-09-26,2024-09-27,-0.005702541976292396
2024-09-27,2024-09-30,0.006809580464164095
2024-09-30,2024-10-08,0.013867475240378365
2024-10-08,2024-10-09,0.013881273790038128
2024-10-09,2024-10-10,0.013881273790038128
2024-10-10,2024-10-11,0.006891963131139159
2024-10-11,2024-10-14,0.006891963131139159
2024-10-14,2024-10-15,0.006891963131139159
2024-10-15,2024-10-16,0.006891963131139159
2024-10-16,2024-10-17,0.006891963131139159
2024-10-17,2024-10-18,0.006891963131139159
2024-10-18,2024-10-21,0.006891963131139159
2024-10-21,2024-10-22,0.006891963131139159
2024-10-22,2024-10-23,0.006891963131139159
2024-10-23,2024-10-24,0.006891963131139159
2024-10-24,2024-10-25,-0.0006610087292214101
2024-10-25,2024-10-28,-0.0006610087292214101
2024-10-28,2024-10-29,0.013881273790038128
2024-10-29,2024-10-30,0.006891963131139159
2024-10-30,2024-10-31,0.013881273790038128
2024-10-31,2024-11-01,0.013881273790038128
2024-11-01,2024-11-04,0.006829534942750652
2024-11-04,2024-11-05,0.006819593799908617
2024-11-05,2024-11-06,0.006829534942750652
2024-11-06,2024-11-07,0.006819593799908617
2024-11-07,2024-11-08,0.000143032559405982
2024-11-08,2024-11-11,0.006819593799908617
2024-11-11,2024-11-12,0.006819593799908617
2024-11-12,2024-11-13,0.006819593799908617
2024-11-13,2024-11-14,0.006819593799908617
2024-11-14,2024-11-15,0.006819593799908617
2024-11-15,2024-11-18,0.006819593799908617
2024-11-18,2024-11-19,-0.005681652105605472
2024-11-19,2024-11-20,-0.005681652105605472
2024-11-20,2024-11-21,-0.005681652105605472
2024-11-21,2024-11-22,0.006819593799908617
2024-11-22,2024-11-25,0.006819593799908617
2024-11-25,2024-11-26,0.006819593799908617
2024-11-26,2024-11-27,0.006819593799908617
2024-11-27,2024-11-28,0.006819593799908617
2024-11-28,2024-11-29,0.006819593799908617
2024-11-29,2024-12-02,0.006819593799908617
2024-12-02,2024-12-03,-0.021079829995719175
2024-12-03,2024-12-04,-0.017897732059227234
2024-12-04,2024-12-05,-0.003564949692594849
2024-12-05,2024-12-06,0.011214595555861795
2024-12-06,2024-12-09,-0.013731634940923224
2024-12-09,2024-12-10,-0.01354772465803649
2024-12-10,2024-12-11,-0.025521583183192472
2024-12-11,2024-12-12,-0.020110950037484247
2024-12-12,2024-12-13,-0.020030511147112753
2024-12-13,2024-12-16,-0.007767083447099225
2024-12-16,2024-12-17,-0.0017766560971779841
2024-12-17,2024-12-18,0.006073339780378141
2024-12-18,2024-12-19,0.006073339780378141
2024-12-19,2024-12-20,0.006073339780378141
2024-12-20,2024-12-23,-0.0017766560971779841
2024-12-23,2024-12-24,-0.0017766560971779841
2024-12-24,2024-12-25,-0.0017766560971779841
2024-12-25,2024-12-26,-0.012814103300724997
2024-12-26,2024-12-27,0.006073339780378141
2024-12-27,2024-12-30,0.0002926985694408752
2024-12-30,2024-12-31,0.0074189395937563005
